/TITLE, CONTINUUM GROUND STRUCTURE
! Created with:       FlExtract v1.13
! Element type:       PLANE42
! Number of nodes:    156
! Number of elements: 125

/PREP7
! Element type: ET, type #, name
ET, 1, PLANE42, , , 3

! Nodal coordinates: 'N', node_id, x-coord, y-coord, z-coord
N,	1,	0,	0,	0
N,	2,	0,	0.2,	0
N,	3,	0,	0.4,	0
N,	4,	0,	0.6,	0
N,	5,	0,	0.8,	0
N,	6,	0,	1,	0
N,	7,	0.2,	0,	0
N,	8,	0.2,	0.2,	0
N,	9,	0.2,	0.4,	0
N,	10,	0.2,	0.6,	0
N,	11,	0.2,	0.8,	0
N,	12,	0.2,	1,	0
N,	13,	0.4,	0,	0
N,	14,	0.4,	0.2,	0
N,	15,	0.4,	0.4,	0
N,	16,	0.4,	0.6,	0
N,	17,	0.4,	0.8,	0
N,	18,	0.4,	1,	0
N,	19,	0.6,	0,	0
N,	20,	0.6,	0.2,	0
N,	21,	0.6,	0.4,	0
N,	22,	0.6,	0.6,	0
N,	23,	0.6,	0.8,	0
N,	24,	0.6,	1,	0
N,	25,	0.8,	0,	0
N,	26,	0.8,	0.2,	0
N,	27,	0.8,	0.4,	0
N,	28,	0.8,	0.6,	0
N,	29,	0.8,	0.8,	0
N,	30,	0.8,	1,	0
N,	31,	1,	0,	0
N,	32,	1,	0.2,	0
N,	33,	1,	0.4,	0
N,	34,	1,	0.6,	0
N,	35,	1,	0.8,	0
N,	36,	1,	1,	0
N,	37,	1.2,	0,	0
N,	38,	1.2,	0.2,	0
N,	39,	1.2,	0.4,	0
N,	40,	1.2,	0.6,	0
N,	41,	1.2,	0.8,	0
N,	42,	1.2,	1,	0
N,	43,	1.4,	0,	0
N,	44,	1.4,	0.2,	0
N,	45,	1.4,	0.4,	0
N,	46,	1.4,	0.6,	0
N,	47,	1.4,	0.8,	0
N,	48,	1.4,	1,	0
N,	49,	1.6,	0,	0
N,	50,	1.6,	0.2,	0
N,	51,	1.6,	0.4,	0
N,	52,	1.6,	0.6,	0
N,	53,	1.6,	0.8,	0
N,	54,	1.6,	1,	0
N,	55,	1.8,	0,	0
N,	56,	1.8,	0.2,	0
N,	57,	1.8,	0.4,	0
N,	58,	1.8,	0.6,	0
N,	59,	1.8,	0.8,	0
N,	60,	1.8,	1,	0
N,	61,	2,	0,	0
N,	62,	2,	0.2,	0
N,	63,	2,	0.4,	0
N,	64,	2,	0.6,	0
N,	65,	2,	0.8,	0
N,	66,	2,	1,	0
N,	67,	2.2,	0,	0
N,	68,	2.2,	0.2,	0
N,	69,	2.2,	0.4,	0
N,	70,	2.2,	0.6,	0
N,	71,	2.2,	0.8,	0
N,	72,	2.2,	1,	0
N,	73,	2.4,	0,	0
N,	74,	2.4,	0.2,	0
N,	75,	2.4,	0.4,	0
N,	76,	2.4,	0.6,	0
N,	77,	2.4,	0.8,	0
N,	78,	2.4,	1,	0
N,	79,	2.6,	0,	0
N,	80,	2.6,	0.2,	0
N,	81,	2.6,	0.4,	0
N,	82,	2.6,	0.6,	0
N,	83,	2.6,	0.8,	0
N,	84,	2.6,	1,	0
N,	85,	2.8,	0,	0
N,	86,	2.8,	0.2,	0
N,	87,	2.8,	0.4,	0
N,	88,	2.8,	0.6,	0
N,	89,	2.8,	0.8,	0
N,	90,	2.8,	1,	0
N,	91,	3,	0,	0
N,	92,	3,	0.2,	0
N,	93,	3,	0.4,	0
N,	94,	3,	0.6,	0
N,	95,	3,	0.8,	0
N,	96,	3,	1,	0
N,	97,	3.2,	0,	0
N,	98,	3.2,	0.2,	0
N,	99,	3.2,	0.4,	0
N,	100,	3.2,	0.6,	0
N,	101,	3.2,	0.8,	0
N,	102,	3.2,	1,	0
N,	103,	3.4,	0,	0
N,	104,	3.4,	0.2,	0
N,	105,	3.4,	0.4,	0
N,	106,	3.4,	0.6,	0
N,	107,	3.4,	0.8,	0
N,	108,	3.4,	1,	0
N,	109,	3.6,	0,	0
N,	110,	3.6,	0.2,	0
N,	111,	3.6,	0.4,	0
N,	112,	3.6,	0.6,	0
N,	113,	3.6,	0.8,	0
N,	114,	3.6,	1,	0
N,	115,	3.8,	0,	0
N,	116,	3.8,	0.2,	0
N,	117,	3.8,	0.4,	0
N,	118,	3.8,	0.6,	0
N,	119,	3.8,	0.8,	0
N,	120,	3.8,	1,	0
N,	121,	4,	0,	0
N,	122,	4,	0.2,	0
N,	123,	4,	0.4,	0
N,	124,	4,	0.6,	0
N,	125,	4,	0.8,	0
N,	126,	4,	1,	0
N,	127,	4.2,	0,	0
N,	128,	4.2,	0.2,	0
N,	129,	4.2,	0.4,	0
N,	130,	4.2,	0.6,	0
N,	131,	4.2,	0.8,	0
N,	132,	4.2,	1,	0
N,	133,	4.4,	0,	0
N,	134,	4.4,	0.2,	0
N,	135,	4.4,	0.4,	0
N,	136,	4.4,	0.6,	0
N,	137,	4.4,	0.8,	0
N,	138,	4.4,	1,	0
N,	139,	4.6,	0,	0
N,	140,	4.6,	0.2,	0
N,	141,	4.6,	0.4,	0
N,	142,	4.6,	0.6,	0
N,	143,	4.6,	0.8,	0
N,	144,	4.6,	1,	0
N,	145,	4.8,	0,	0
N,	146,	4.8,	0.2,	0
N,	147,	4.8,	0.4,	0
N,	148,	4.8,	0.6,	0
N,	149,	4.8,	0.8,	0
N,	150,	4.8,	1,	0
N,	151,	5,	0,	0
N,	152,	5,	0.2,	0
N,	153,	5,	0.4,	0
N,	154,	5,	0.6,	0
N,	155,	5,	0.8,	0
N,	156,	5,	1,	0

! Element connectivity: 'EN', element_id,  node_ids
! Material:             'MP', property_id, material_id, value 
! Custom property:      'R',  property_id, value 
! Material 1
MP,	EX,  	1,	100
MP,	EY,  	1,	0
MP,	GXY, 	1,	0
MP,	PRXY,	1,	0.3
MP,	DENS,	1,	1000
R, 	1,	1
! Connectivity
EN,	1	1	7	8	2
EN,	2	2	8	9	3
EN,	3	3	9	10	4
EN,	4	4	10	11	5
EN,	5	5	11	12	6
EN,	6	7	13	14	8
EN,	7	8	14	15	9
EN,	8	9	15	16	10
EN,	9	10	16	17	11
EN,	10	11	17	18	12
EN,	11	13	19	20	14
EN,	12	14	20	21	15
EN,	13	15	21	22	16
EN,	14	16	22	23	17
EN,	15	17	23	24	18
EN,	16	19	25	26	20
EN,	17	20	26	27	21
EN,	18	21	27	28	22
EN,	19	22	28	29	23
EN,	20	23	29	30	24
EN,	21	25	31	32	26
EN,	22	26	32	33	27
EN,	23	27	33	34	28
EN,	24	28	34	35	29
EN,	25	29	35	36	30
EN,	26	31	37	38	32
EN,	27	32	38	39	33
EN,	28	33	39	40	34
EN,	29	34	40	41	35
EN,	30	35	41	42	36
EN,	31	37	43	44	38
EN,	32	38	44	45	39
EN,	33	39	45	46	40
EN,	34	40	46	47	41
EN,	35	41	47	48	42
EN,	36	43	49	50	44
EN,	37	44	50	51	45
EN,	38	45	51	52	46
EN,	39	46	52	53	47
EN,	40	47	53	54	48
EN,	41	49	55	56	50
EN,	42	50	56	57	51
EN,	43	51	57	58	52
EN,	44	52	58	59	53
EN,	45	53	59	60	54
EN,	46	55	61	62	56
EN,	47	56	62	63	57
EN,	48	57	63	64	58
EN,	49	58	64	65	59
EN,	50	59	65	66	60
EN,	51	61	67	68	62
EN,	52	62	68	69	63
EN,	53	63	69	70	64
EN,	54	64	70	71	65
EN,	55	65	71	72	66
EN,	56	67	73	74	68
EN,	57	68	74	75	69
EN,	58	69	75	76	70
EN,	59	70	76	77	71
EN,	60	71	77	78	72
EN,	61	73	79	80	74
EN,	62	74	80	81	75
EN,	63	75	81	82	76
EN,	64	76	82	83	77
EN,	65	77	83	84	78
EN,	66	79	85	86	80
EN,	67	80	86	87	81
EN,	68	81	87	88	82
EN,	69	82	88	89	83
EN,	70	83	89	90	84
EN,	71	85	91	92	86
EN,	72	86	92	93	87
EN,	73	87	93	94	88
EN,	74	88	94	95	89
EN,	75	89	95	96	90
EN,	76	91	97	98	92
EN,	77	92	98	99	93
EN,	78	93	99	100	94
EN,	79	94	100	101	95
EN,	80	95	101	102	96
EN,	81	97	103	104	98
EN,	82	98	104	105	99
EN,	83	99	105	106	100
EN,	84	100	106	107	101
EN,	85	101	107	108	102
EN,	86	103	109	110	104
EN,	87	104	110	111	105
EN,	88	105	111	112	106
EN,	89	106	112	113	107
EN,	90	107	113	114	108
EN,	91	109	115	116	110
EN,	92	110	116	117	111
EN,	93	111	117	118	112
EN,	94	112	118	119	113
EN,	95	113	119	120	114
EN,	96	115	121	122	116
EN,	97	116	122	123	117
EN,	98	117	123	124	118
EN,	99	118	124	125	119
EN,	100	119	125	126	120
EN,	101	121	127	128	122
EN,	102	122	128	129	123
EN,	103	123	129	130	124
EN,	104	124	130	131	125
EN,	105	125	131	132	126
EN,	106	127	133	134	128
EN,	107	128	134	135	129
EN,	108	129	135	136	130
EN,	109	130	136	137	131
EN,	110	131	137	138	132
EN,	111	133	139	140	134
EN,	112	134	140	141	135
EN,	113	135	141	142	136
EN,	114	136	142	143	137
EN,	115	137	143	144	138
EN,	116	139	145	146	140
EN,	117	140	146	147	141
EN,	118	141	147	148	142
EN,	119	142	148	149	143
EN,	120	143	149	150	144
EN,	121	145	151	152	146
EN,	122	146	152	153	147
EN,	123	147	153	154	148
EN,	124	148	154	155	149
EN,	125	149	155	156	150

! Nodal diplacement: 'D', node_id, 'UX / UY', value
D,	1,	UX,	0
D,	1,	UY,	0
D,	2,	UX,	0
D,	2,	UY,	0
D,	3,	UX,	0
D,	3,	UY,	0
D,	4,	UX,	0
D,	4,	UY,	0
D,	5,	UX,	0
D,	5,	UY,	0
D,	6,	UX,	0
D,	6,	UY,	0

! Nodal load: 'F', node_id, 'FX / FY', value
F, 		156, 	FY, 	-0.0001
! Surface load: 'SFE', element_id, face_id, 'PRES', 0, value
! Acceleration: 'ACEL', x-value, y-value, z-value
ACEL,	0.0,	0.0,	0.0

FINISH
