 Node            Displacements                Applied/reaction forces
number     1-direction     2-direction      1-direction     2-direction
     1     0.000000000     0.000000000      0.056559925     0.013344812
     2     0.000000000     0.000000000      0.065312407    -0.002180805
     3     0.000000000     0.000000000      0.021263154    -0.006164007
     4     0.000000000     0.000000000     -0.021263154    -0.006164007
     5     0.000000000     0.000000000     -0.065312407    -0.002180805
     6     0.000000000     0.000000000     -0.056559925     0.013344812
     7    -0.116664959    -0.056058902      0.000000000     0.000000000
     8    -0.063525836    -0.027031499      0.000000000     0.000000000
     9    -0.020937392    -0.016271529      0.000000000     0.000000000
    10     0.020937392    -0.016271529      0.000000000     0.000000000
    11     0.063525836    -0.027031499      0.000000000     0.000000000
    12     0.116664959    -0.056058902      0.000000000     0.000000000
    13    -0.228596382    -0.130109466      0.000000000     0.000000000
    14    -0.133760062    -0.103167135      0.000000000     0.000000000
    15    -0.043674885    -0.088741282      0.000000000     0.000000000
    16     0.043674885    -0.088741282      0.000000000     0.000000000
    17     0.133760062    -0.103167135      0.000000000     0.000000000
    18     0.228596382    -0.130109466      0.000000000     0.000000000
    19    -0.339587928    -0.248404291      0.000000000     0.000000000
    20    -0.201390717    -0.221694050      0.000000000     0.000000000
    21    -0.066656510    -0.208159110      0.000000000     0.000000000
    22     0.066656510    -0.208159110      0.000000000     0.000000000
    23     0.201390717    -0.221694050      0.000000000     0.000000000
    24     0.339587928    -0.248404291      0.000000000     0.000000000
    25    -0.448939718    -0.410558455      0.000000000     0.000000000
    26    -0.267198287    -0.384548910      0.000000000     0.000000000
    27    -0.088685797    -0.371490990      0.000000000     0.000000000
    28     0.088685797    -0.371490990      0.000000000     0.000000000
    29     0.267198287    -0.384548910      0.000000000     0.000000000
    30     0.448939718    -0.410558455      0.000000000     0.000000000
    31    -0.556063876    -0.616160823      0.000000000     0.000000000
    32    -0.331481144    -0.590729148      0.000000000     0.000000000
    33    -0.110133418    -0.578011365      0.000000000     0.000000000
    34     0.110133418    -0.578011365      0.000000000     0.000000000
    35     0.331481144    -0.590729148      0.000000000     0.000000000
    36     0.556063876    -0.616160823      0.000000000     0.000000000
    37    -0.660842875    -0.864171951      0.000000000     0.000000000
    38    -0.394342407    -0.839309311      0.000000000     0.000000000
    39    -0.131087371    -0.826879014      0.000000000     0.000000000
    40     0.131087371    -0.826879014      0.000000000     0.000000000
    41     0.394342407    -0.839309311      0.000000000     0.000000000
    42     0.660842875    -0.864171951      0.000000000     0.000000000
    43    -0.763263798    -1.153628703      0.000000000     0.000000000
    44    -0.455792605    -1.129330843      0.000000000     0.000000000
    45    -0.151570129    -1.117182443      0.000000000     0.000000000
    46     0.151570129    -1.117182443      0.000000000     0.000000000
    47     0.455792605    -1.129330843      0.000000000     0.000000000
    48     0.763263798    -1.153628703      0.000000000     0.000000000
    49    -0.863328786    -1.483582466      0.000000000     0.000000000
    50    -0.515831170    -1.459849533      0.000000000     0.000000000
    51    -0.171582744    -1.447983163      0.000000000     0.000000000
    52     0.171582744    -1.447983163      0.000000000     0.000000000
    53     0.515831170    -1.459849533      0.000000000     0.000000000
    54     0.863328786    -1.483582466      0.000000000     0.000000000
    55    -0.961039016    -1.853091041      0.000000000     0.000000000
    56    -0.574457284    -1.829923129      0.000000000     0.000000000
    57    -0.191124743    -1.818339181      0.000000000     0.000000000
    58     0.191124743    -1.818339181      0.000000000     0.000000000
    59     0.574457284    -1.829923129      0.000000000     0.000000000
    60     0.961039016    -1.853091041      0.000000000     0.000000000
    61    -1.056394761    -2.261212735      0.000000000     0.000000000
    62    -0.631670745    -2.238609888      0.000000000     0.000000000
    63    -0.210195895    -2.227308463      0.000000000     0.000000000
    64     0.210195895    -2.227308463      0.000000000     0.000000000
    65     0.631670745    -2.238609888      0.000000000     0.000000000
    66     1.056394761    -2.261212735      0.000000000     0.000000000
    67    -1.149396051    -2.707005826      0.000000000     0.000000000
    68    -0.687471524    -2.684968050      0.000000000     0.000000000
    69    -0.228796156    -2.673949161      0.000000000     0.000000000
    70     0.228796156    -2.673949161      0.000000000     0.000000000
    71     0.687471524    -2.684968050      0.000000000     0.000000000
    72     1.149396051    -2.707005826      0.000000000     0.000000000
    73    -1.240042881    -3.189528540      0.000000000     0.000000000
    74    -0.741859622    -3.168055836      0.000000000     0.000000000
    75    -0.246925523    -3.157319484      0.000000000     0.000000000
    76     0.246925523    -3.157319484      0.000000000     0.000000000
    77     0.741859622    -3.168055836      0.000000000     0.000000000
    78     1.240042881    -3.189528540      0.000000000     0.000000000
    79    -1.328335248    -3.707839095      0.000000000     0.000000000
    80    -0.794835043    -3.686931462      0.000000000     0.000000000
    81    -0.264583997    -3.676477646      0.000000000     0.000000000
    82     0.264583997    -3.676477646      0.000000000     0.000000000
    83     0.794835043    -3.686931462      0.000000000     0.000000000
    84     1.328335248    -3.707839095      0.000000000     0.000000000
    85    -1.414273153    -4.260995704      0.000000000     0.000000000
    86    -0.846397785    -4.240653142      0.000000000     0.000000000
    87    -0.281771577    -4.230481861      0.000000000     0.000000000
    88     0.281771577    -4.230481861      0.000000000     0.000000000
    89     0.846397785    -4.240653142      0.000000000     0.000000000
    90     1.414273153    -4.260995704      0.000000000     0.000000000
    91    -1.497856594    -4.848056582      0.000000000     0.000000000
    92    -0.896547850    -4.828279091      0.000000000     0.000000000
    93    -0.298488266    -4.818390346      0.000000000     0.000000000
    94     0.298488266    -4.818390346      0.000000000     0.000000000
    95     0.896547850    -4.828279091      0.000000000     0.000000000
    96     1.497856594    -4.848056582      0.000000000     0.000000000
    97    -1.579085572    -5.468079944      0.000000000     0.000000000
    98    -0.945285237    -5.448867524      0.000000000     0.000000000
    99    -0.314734061    -5.439261315      0.000000000     0.000000000
   100     0.314734061    -5.439261315      0.000000000     0.000000000
   101     0.945285237    -5.448867524      0.000000000     0.000000000
   102     1.579085572    -5.468079944      0.000000000     0.000000000
   103    -1.657960087    -6.120124004      0.000000000     0.000000000
   104    -0.992609946    -6.101476656      0.000000000     0.000000000
   105    -0.330508964    -6.092152982      0.000000000     0.000000000
   106     0.330508964    -6.092152982      0.000000000     0.000000000
   107     0.992609946    -6.101476656      0.000000000     0.000000000
   108     1.657960087    -6.120124004      0.000000000     0.000000000
   109    -1.734480138    -6.803246978      0.000000000     0.000000000
   110    -1.038521977    -6.785164701      0.000000000     0.000000000
   111    -0.345812975    -6.776123563      0.000000000     0.000000000
   112     0.345812975    -6.776123563      0.000000000     0.000000000
   113     1.038521977    -6.785164701      0.000000000     0.000000000
   114     1.734480138    -6.803246978      0.000000000     0.000000000
   115    -1.808645727    -7.516507080      0.000000000     0.000000000
   116    -1.083021330    -7.498989874      0.000000000     0.000000000
   117    -0.360646092    -7.490231271      0.000000000     0.000000000
   118     0.360646092    -7.490231271      0.000000000     0.000000000
   119     1.083021330    -7.498989874      0.000000000     0.000000000
   120     1.808645727    -7.516507080      0.000000000     0.000000000
   121    -1.880456852    -8.258962525      0.000000000     0.000000000
   122    -1.126108005    -8.242010390      0.000000000     0.000000000
   123    -0.375008317    -8.233534323      0.000000000     0.000000000
   124     0.375008317    -8.233534323      0.000000000     0.000000000
   125     1.126108005    -8.242010390      0.000000000     0.000000000
   126     1.880456852    -8.258962525      0.000000000     0.000000000
   127    -1.949913515    -9.029671527      0.000000000     0.000000000
   128    -1.167782003    -9.013284463      0.000000000     0.000000000
   129    -0.388899650    -9.005090932      0.000000000     0.000000000
   130     0.388899650    -9.005090932      0.000000000     0.000000000
   131     1.167782003    -9.013284463      0.000000000     0.000000000
   132     1.949913515    -9.029671527      0.000000000     0.000000000
   133    -2.017015714    -9.827692301      0.000000000     0.000000000
   134    -1.208043322    -9.811870309      0.000000000     0.000000000
   135    -0.402320090    -9.803959313      0.000000000     0.000000000
   136     0.402320090    -9.803959313      0.000000000     0.000000000
   137     1.208043322    -9.811870309      0.000000000     0.000000000
   138     2.017015714    -9.827692301      0.000000000     0.000000000
   139    -2.081763450   -10.652083063      0.000000000     0.000000000
   140    -1.246891964   -10.636826142      0.000000000     0.000000000
   141    -0.415269637   -10.629197681      0.000000000     0.000000000
   142     0.415269637   -10.629197681      0.000000000     0.000000000
   143     1.246891964   -10.636826142      0.000000000     0.000000000
   144     2.081763450   -10.652083063      0.000000000     0.000000000
   145    -2.144156723   -11.501902027      0.000000000     0.000000000
   146    -1.284327928   -11.487210177      0.000000000     0.000000000
   147    -0.427748292   -11.479864252      0.000000000     0.000000000
   148     0.427748292   -11.479864252      0.000000000     0.000000000
   149     1.284327928   -11.487210177      0.000000000     0.000000000
   150     2.144156723   -11.501902027      0.000000000     0.000000000
   151    -2.204195533   -12.376207407      0.000000000     0.000000000
   152    -1.320351214   -12.362080628      0.000000000     0.000000000
   153    -0.439756054   -12.355017238      0.000000000     0.000000000
   154     0.439756054   -12.355017238      0.000000000     0.000000000
   155     1.320351214   -12.362080628      0.000000000     0.000000000
   156     2.204195533   -12.376207407      0.000000000     0.000000000
   157    -2.261879880   -13.274057418      0.000000000     0.000000000
   158    -1.354961822   -13.260495710      0.000000000     0.000000000
   159    -0.451292923   -13.253714857      0.000000000     0.000000000
   160     0.451292923   -13.253714857      0.000000000     0.000000000
   161     1.354961822   -13.260495710      0.000000000     0.000000000
   162     2.261879880   -13.274057418      0.000000000     0.000000000
   163    -2.317209763   -14.194510275      0.000000000     0.000000000
   164    -1.388159752   -14.181513639      0.000000000     0.000000000
   165    -0.462358900   -14.175015321      0.000000000     0.000000000
   166     0.462358900   -14.175015321      0.000000000     0.000000000
   167     1.388159752   -14.181513639      0.000000000     0.000000000
   168     2.317209763   -14.194510275      0.000000000     0.000000000
   169    -2.370185183   -15.136624194      0.000000000     0.000000000
   170    -1.419945004   -15.124192628      0.000000000     0.000000000
   171    -0.472953984   -15.117976846      0.000000000     0.000000000
   172     0.472953984   -15.117976846      0.000000000     0.000000000
   173     1.419945004   -15.124192628      0.000000000     0.000000000
   174     2.370185184   -15.136624193      0.000000000     0.000000000
   175    -2.420806141   -16.099457387      0.000000000     0.000000000
   176    -1.450317578   -16.087590893      0.000000000     0.000000000
   177    -0.483078175   -16.081657646      0.000000000     0.000000000
   178     0.483078175   -16.081657646      0.000000000     0.000000000
   179     1.450317578   -16.087590893      0.000000000     0.000000000
   180     2.420806141   -16.099457387      0.000000000     0.000000000
   181    -2.469072634   -17.082068071      0.000000000     0.000000000
   182    -1.479277475   -17.070766648      0.000000000     0.000000000
   183    -0.492731474   -17.065115937      0.000000000     0.000000000
   184     0.492731474   -17.065115937      0.000000000     0.000000000
   185     1.479277475   -17.070766649      0.000000000     0.000000000
   186     2.469072636   -17.082068072      0.000000000     0.000000000
   187    -2.514984665   -18.083514459      0.000000000     0.000000000
   188    -1.506824694   -18.072778107      0.000000000     0.000000000
   189    -0.501913880   -18.067409932      0.000000000     0.000000000
   190     0.501913880   -18.067409933      0.000000000     0.000000000
   191     1.506824694   -18.072778110      0.000000000     0.000000000
   192     2.514984668   -18.083514462      0.000000000     0.000000000
   193    -2.558542233   -19.102854764      0.000000000     0.000000000
   194    -1.532959235   -19.092683484      0.000000000     0.000000000
   195    -0.510625393   -19.087597846      0.000000000     0.000000000
   196     0.510625395   -19.087597850      0.000000000     0.000000000
   197     1.532959234   -19.092683493      0.000000000     0.000000000
   198     2.558542235   -19.102854774      0.000000000     0.000000000
   199    -2.599745341   -20.139147202      0.000000000     0.000000000
   200    -1.557681098   -20.129540993      0.000000000     0.000000000
   201    -0.518866009   -20.124737894      0.000000000     0.000000000
   202     0.518866021   -20.124737903      0.000000000     0.000000000
   203     1.557681096   -20.129541014      0.000000000     0.000000000
   204     2.599745336   -20.139147224      0.000000000     0.000000000
   205    -2.638593997   -21.191449989      0.000000000     0.000000000
   206    -1.580990284   -21.182408849      0.000000000     0.000000000
   207    -0.526635725   -21.177888290      0.000000000     0.000000000
   208     0.526635761   -21.177888306      0.000000000     0.000000000
   209     1.580990280   -21.182408885      0.000000000     0.000000000
   210     2.638593964   -21.191450022      0.000000000     0.000000000
   211    -2.675088211   -22.258821351      0.000000000     0.000000000
   212    -1.602886793   -22.250345278      0.000000000     0.000000000
   213    -0.533934537   -22.246107254      0.000000000     0.000000000
   214     0.533934620   -22.246107269      0.000000000     0.000000000
   215     1.602886786   -22.250345312      0.000000000     0.000000000
   216     2.675088107   -22.258821373      0.000000000     0.000000000
   217    -2.709227997   -23.340319541      0.000000000     0.000000000
   218    -1.623370621   -23.332408528      0.000000000     0.000000000
   219    -0.540762451   -23.328453015      0.000000000     0.000000000
   220     0.540762593   -23.328452992      0.000000000     0.000000000
   221     1.623370616   -23.332408476      0.000000000     0.000000000
   222     2.709227751   -23.340319455      0.000000000     0.000000000
   223    -2.741013347   -24.435002857      0.000000000     0.000000000
   224    -1.642441762   -24.427656893      0.000000000     0.000000000
   225    -0.547119503   -24.423983822      0.000000000     0.000000000
   226     0.547119641   -24.423983656      0.000000000     0.000000000
   227     1.642441778   -24.427656510      0.000000000     0.000000000
   228     2.741012906   -24.435002396      0.000000000     0.000000000
   229    -2.770444158   -25.541929661      0.000000000     0.000000000
   230    -1.660100200   -25.535148741      0.000000000     0.000000000
   231    -0.553005825   -25.531757957      0.000000000     0.000000000
   232     0.553005635   -25.531757410      0.000000000     0.000000000
   233     1.660100287   -25.535147479      0.000000000     0.000000000
   234     2.770443673   -25.541928267      0.000000000     0.000000000
   235    -2.797520064   -26.660158315      0.000000000     0.000000000
   236    -1.676345905   -26.653942470      0.000000000     0.000000000
   237    -0.558421735   -26.650833714      0.000000000     0.000000000
   238     0.558420256   -26.650832387      0.000000000     0.000000000
   239     1.676346173   -26.653939413      0.000000000     0.000000000
   240     2.797520420   -26.660155133      0.000000000     0.000000000
   241    -2.822240129   -27.788746860      0.000000000     0.000000000
   242    -1.691178845   -27.783096242      0.000000000     0.000000000
   243    -0.563367832   -27.780269287      0.000000000     0.000000000
   244     0.563362902   -27.780266826      0.000000000     0.000000000
   245     1.691179467   -27.783090580      0.000000000     0.000000000
   246     2.822244083   -27.788741384      0.000000000     0.000000000
   247    -2.844602523   -28.926752048      0.000000000     0.000000000
   248    -1.704599047   -28.921667105      0.000000000     0.000000000
   249    -0.567844862   -28.919122382      0.000000000     0.000000000
   250     0.567832829   -28.919119445      0.000000000     0.000000000
   251     1.704600140   -28.921660364      0.000000000     0.000000000
   252     2.844616496   -28.926746703      0.000000000     0.000000000
   253    -2.864604780   -30.073227147      0.000000000     0.000000000
   254    -1.716606788   -30.068708885      0.000000000     0.000000000
   255    -0.571852685   -30.066449290      0.000000000     0.000000000
   256     0.571830196   -30.066450357      0.000000000     0.000000000
   257     1.716607922   -30.068711385      0.000000000     0.000000000
   258     2.864640119   -30.073234282      0.000000000     0.000000000
   259    -2.882246534   -31.227218231      0.000000000     0.000000000
   260    -1.727203065   -31.223268260      0.000000000     0.000000000
   261    -0.575386881   -31.221303169      0.000000000     0.000000000
   262     0.575359536   -31.221322692      0.000000000     0.000000000
   263     1.727201914   -31.223313421      0.000000000     0.000000000
   264     2.882315203   -31.227274582      0.000000000     0.000000000
   265    -2.897538985   -32.387760249      0.000000000     0.000000000
   266    -1.736390488   -32.384380275      0.000000000     0.000000000
   267    -0.578430518   -32.382731867      0.000000000     0.000000000
   268     0.578438198   -32.382804699      0.000000000     0.000000000
   269     1.736379955   -32.384547813      0.000000000     0.000000000
   270     2.897629876   -32.387948940      0.000000000     0.000000000
   271    -2.910529383   -33.553882291      0.000000000     0.000000000
   272    -1.744174149   -33.551068777      0.000000000     0.000000000
   273    -0.580938237   -33.549780322      0.000000000     0.000000000
   274     0.581111398   -33.549968946      0.000000000     0.000000000
   275     1.744138076   -33.551505399      0.000000000     0.000000000
   276     2.910535119   -33.554342682      0.000000000     0.000000000
   277    -2.921349315   -34.724635247      0.000000000     0.000000000
   278    -1.750558165   -34.722381464      0.000000000     0.000000000
   279    -0.582814526   -34.721505137      0.000000000     0.000000000
   280     0.583467778   -34.721887277      0.000000000     0.000000000
   281     1.750468263   -34.723250321      0.000000000     0.000000000
   282     2.920900969   -34.725503002      0.000000000     0.000000000
   283    -2.930309166   -35.899254675      0.000000000     0.000000000
   284    -1.755522567   -35.897472979      0.000000000     0.000000000
   285    -0.583895273   -35.897070695      0.000000000     0.000000000
   286     0.585607435   -35.897583805      0.000000000     0.000000000
   287     1.755353310   -35.898709654      0.000000000     0.000000000
   288     2.928472545   -35.900289702      0.000000000     0.000000000
   289    -2.937940079   -37.077300442      0.000000000     0.000000000
   290    -1.758932504   -37.076118128      0.000000000     0.000000000
   291    -0.584051020   -37.075747780      0.000000000     0.000000000
   292     0.587519008   -37.076015202      0.000000000     0.000000000
   293     1.758688494   -37.076379532      0.000000000     0.000000000
   294     2.932996144   -37.077114852      0.000000000     0.000000000
   295    -2.944967915   -38.261257297      0.000000000     0.000000000
   296    -1.760804833   -38.258330985      0.000000000     0.000000000
   297    -0.583260195   -38.257536229      0.000000000     0.000000000
   298     0.588466032   -38.255306698      0.000000000     0.000000000
   299     1.760347830   -38.254038095      0.000000000     0.000000000
   300     2.934698887   -38.253858289      0.000000000     0.000000000
   301    -2.947352185   -39.449050258      0.000000000     0.000000000
   302    -1.762403484   -39.452418216      0.000000000    -0.010000000
   303    -0.584531450   -39.437743145      0.000000000     0.000000000
   304     0.588038528   -39.431279724      0.000000000     0.000000000
   305     1.760608889   -39.429266457      0.000000000     0.000000000
   306     2.934927218   -39.429020463      0.000000000     0.000000000
                                            ___________     ___________
                              Summation     0.000000000     0.000000000

Element                    Element strain                                   Element Stress
number      1-direction     2-direction     3-direction      1-direction     2-direction     3-direction
      1    -0.045047699     0.007256851    -0.007487819     -0.047110597    -0.006876328    -0.002879931
      2    -0.021115807     0.002689993    -0.000178646     -0.022317373    -0.004005219    -0.000068710
      3     0.000000000     0.000000000     0.002332931      0.000000000     0.000000000     0.000897281
      4     0.021115807    -0.002689993    -0.000178646      0.022317373     0.004005219    -0.000068710
      5     0.045047699    -0.007256851    -0.007487819      0.047110597     0.006876328    -0.002879931
      6    -0.046125787     0.014053247    -0.001739618     -0.046054739     0.000236825    -0.000669084
      7    -0.023563907     0.006238236    -0.004762033     -0.023837841    -0.000913116    -0.001831551
      8    -0.000184987     0.000000000    -0.004166770     -0.000203282    -0.000060985    -0.001602604
      9     0.023049718    -0.006315644    -0.003719415      0.023247280     0.000658540    -0.001430544
     10     0.045259628    -0.013959319     0.000095433      0.045133881    -0.000419155     0.000036705
     11    -0.046065966     0.013426407    -0.003417539     -0.046195653    -0.000432289    -0.001314438
     12    -0.023804648     0.007019990    -0.004751426     -0.023844672    -0.000133411    -0.001827471
     13    -0.001019709     0.000000000    -0.005045076     -0.001120560    -0.000336168    -0.001940414
     14     0.021662517    -0.006980471    -0.002813595      0.021503710    -0.000529358    -0.001082152
     15     0.043537196    -0.013405382     0.000496951      0.043423715    -0.000378267     0.000191135
     16    -0.046493983     0.013239433    -0.004920855     -0.046727640    -0.000778859    -0.001892636
     17    -0.024385560     0.006672232    -0.005412708     -0.024597682    -0.000707073    -0.002081811
     18    -0.002292798     0.000000000    -0.004728985     -0.002519559    -0.000755868    -0.001818840
     19     0.019681002    -0.006640266    -0.002530308      0.019438376    -0.000808753    -0.000973195
     20     0.041376466    -0.013144668     0.000885920      0.041135237    -0.000804097     0.000340738
     21    -0.047248968     0.012925162    -0.006113589     -0.047660901    -0.001373108    -0.002351380
     22    -0.025550680     0.006466647    -0.006038775     -0.025945809    -0.001317096    -0.002322606
     23    -0.003983799     0.000000000    -0.004801630     -0.004377801    -0.001313340    -0.001846781
     24     0.017454393    -0.006436384    -0.002291969      0.017058767    -0.001318754    -0.000881527
     25     0.038733110    -0.012821704     0.001441615      0.038336922    -0.001320627     0.000554467
     26    -0.048367082     0.012652684    -0.007116603     -0.048979425    -0.002041144    -0.002737155
     27    -0.027142771     0.006310844    -0.006641677     -0.027746723    -0.002013173    -0.002554491
     28    -0.006055812     0.000000000    -0.004977295     -0.006654738    -0.001996421    -0.001914344
     29     0.014898079    -0.006279105    -0.002098956      0.014301481    -0.001988661    -0.000807291
     30     0.035719558    -0.012526423     0.002012676      0.035122672    -0.001989621     0.000774106
     31    -0.049819218     0.012383433    -0.008023442     -0.050663943    -0.002815750    -0.003085939
     32    -0.029079328     0.006172465    -0.007191512     -0.029920427    -0.002803662    -0.002765966
     33    -0.008468382     0.000000000    -0.005165480     -0.009305914    -0.002791774    -0.001986723
     34     0.012014460    -0.006135436    -0.001927558      0.011180032    -0.002781426    -0.000741368
     35     0.032371003    -0.012234446     0.002543962      0.031539197    -0.002772687     0.000978447
     36    -0.051569796     0.012115495    -0.008850662     -0.052675986    -0.003687300    -0.003404101
     37    -0.031313430     0.006035829    -0.007693384     -0.032420528    -0.003690329    -0.002958994
     38    -0.011178871     0.000000000    -0.005340581     -0.012284474    -0.003685342    -0.002054070
     39     0.008833723    -0.005993005    -0.001774213      0.007731672    -0.003673504    -0.000682390
     40     0.028725119    -0.011943326     0.003025529      0.027628705    -0.003654715     0.001163665
     41    -0.053580213     0.011847161    -0.009601752     -0.054973697    -0.004644948    -0.003692982
     42    -0.033806260     0.005899000    -0.008149290     -0.035205011    -0.004662504    -0.003134342
     43    -0.014148243     0.000000000    -0.005500800     -0.015547519    -0.004664256    -0.002115692
     44     0.005393743    -0.005850465    -0.001637857      0.003998466    -0.004650925    -0.000629945
     45     0.024819854    -0.011652347     0.003458284      0.023433132    -0.004622408     0.001330109
     46    -0.055812583     0.011578452    -0.010277953     -0.057515437    -0.005676179    -0.003953059
     47    -0.036520526     0.005761918    -0.008560696     -0.038232913    -0.005707956    -0.003292575
     48    -0.017338911     0.000000000    -0.005646806     -0.019053749    -0.005716125    -0.002171849
     49     0.001732240    -0.005707844    -0.001518108      0.000021853    -0.005701288    -0.000583888
     50     0.020692939    -0.011361538     0.003843595      0.018993931    -0.005663359     0.001478306
     51    -0.058230084     0.011309390    -0.010880847     -0.060260733    -0.006768830    -0.004184941
     52    -0.039419622     0.005624696    -0.008928658     -0.041463970    -0.006814495    -0.003434099
     53    -0.020714259     0.000000000    -0.005779173     -0.022762923    -0.006828877    -0.002222759
     54    -0.002113997    -0.005565232    -0.001414636     -0.004157765    -0.006812561    -0.000544091
     55     0.016381159    -0.011070921     0.004182698      0.014351520    -0.006765465     0.001608730
     56    -0.060796881     0.011039993    -0.011412176     -0.063170202    -0.007911068    -0.004389299
     57    -0.042467751     0.005487369    -0.009254221     -0.044858835    -0.007970281    -0.003559316
     58    -0.024238503     0.000000000    -0.005898286     -0.026635717    -0.007990715    -0.002268572
     59    -0.006109135    -0.005422649    -0.001327068     -0.008501022    -0.007972956    -0.000510411
     60     0.011920349    -0.010780502     0.004476733      0.009545273    -0.007916920     0.001721820
     61    -0.063478049     0.010770262    -0.011873734     -0.066205462    -0.009091376    -0.004566821
     62    -0.045629988     0.005349943    -0.009538442     -0.048379127    -0.009163796    -0.003668632
     63    -0.027876721     0.000000000    -0.006004485     -0.030633760    -0.009190128    -0.002309417
     64    -0.010218248    -0.005280101    -0.001255010     -0.012969536    -0.009170962    -0.000482696
     65     0.007345432    -0.010490283     0.004726831      0.004613568    -0.009106213     0.001818012
     66    -0.066239554     0.010500200    -0.012267316     -0.069329114    -0.010298535    -0.004718198
     67    -0.048872297     0.005212417    -0.009782384     -0.051987442    -0.010383816    -0.003762455
     68    -0.031594878     0.000000000    -0.006098100     -0.034719647    -0.010415894    -0.002345423
     69    -0.014407298    -0.005137586    -0.001198065     -0.017525905    -0.010395357    -0.000460794
     70     0.002690445    -0.010200264     0.004934122     -0.000406191    -0.010322121     0.001897739
     71    -0.069048245     0.010229804    -0.012594719     -0.072504729    -0.011521615    -0.004844123
     72    -0.052161526     0.005074791    -0.009987111     -0.055647351    -0.011619414    -0.003841196
     73    -0.035359823     0.000000000    -0.006179465     -0.038856949    -0.011657085    -0.002376717
     74    -0.018643135    -0.004995104    -0.001155832     -0.022133699    -0.011635214    -0.000444551
     75    -0.002011462    -0.009910444     0.005099737     -0.005477577    -0.011553717     0.001961437
     76    -0.071871859     0.009959076    -0.012857741     -0.075696853    -0.012749980    -0.004945285
     77    -0.055465413     0.004937065    -0.010153687     -0.059323400    -0.012859955    -0.003905264
     78    -0.039139292     0.000000000    -0.006248911     -0.043010211    -0.012903063    -0.002403427
     79    -0.022893497    -0.004852655    -0.001127912     -0.026757465    -0.012879895    -0.000433812
     80    -0.006728026    -0.009620824     0.005224807     -0.010565136    -0.012790365     0.002009541
     81    -0.074679021     0.009688016    -0.013058176     -0.078871007    -0.013973286    -0.005022376
     82    -0.058752581     0.004799240    -0.010283177     -0.062981109    -0.014095093    -0.003955068
     83    -0.042901910     0.000000000    -0.006306770     -0.047144956    -0.014143487    -0.002425681
     84    -0.027127007    -0.004710240    -0.001113907     -0.031362724    -0.014119057    -0.000428426
     85    -0.011427872    -0.009331403     0.005310463     -0.015634388    -0.014021720     0.002042486
     86    -0.077439241     0.009416623    -0.013197822     -0.081993686    -0.015181483    -0.005076085
     87    -0.061992541     0.004661315    -0.010376646     -0.066586974    -0.015314777    -0.003991018
     88    -0.046617186     0.000000000    -0.006353377     -0.051227677    -0.015368303    -0.002443607
     89    -0.031313176    -0.004567858    -0.001113417     -0.035915971    -0.015342649    -0.000428237
     90    -0.016080510    -0.009042182     0.005357835     -0.020651830    -0.015237731     0.002060706
     91    -0.080122917     0.009144897    -0.013278474     -0.085032361    -0.016364811    -0.005107105
     92    -0.065155691     0.004523290    -0.010435157     -0.070108466    -0.016509250    -0.004013522
     93    -0.050255519     0.000000000    -0.006389063     -0.055225845    -0.016567754    -0.002457332
     94    -0.035422402    -0.004425509    -0.001126042     -0.040384675    -0.016540912    -0.000433093
     95    -0.020656338    -0.008753161     0.005368055     -0.025584930    -0.016428640     0.002064637
     96    -0.082701334     0.008872838    -0.013301927     -0.087955475    -0.017513804    -0.005116126
     97    -0.068213315     0.004385166    -0.010459776     -0.073514028    -0.017669043    -0.004022991
     98    -0.053788194     0.000000000    -0.006414161     -0.059107905    -0.017732372    -0.002466985
     99    -0.039425969    -0.004283194    -0.001151384     -0.044737282    -0.017704378    -0.000442840
    100    -0.025126640    -0.008464339     0.005342253     -0.030402134    -0.017584979     0.002054713
    101    -0.085146662     0.008600447    -0.013269979     -0.090732448    -0.018619287    -0.005103838
    102    -0.071137586     0.004246941    -0.010451565     -0.076773081    -0.018784983    -0.004019833
    103    -0.057187381     0.000000000    -0.006429003     -0.062843276    -0.018852983    -0.002472694
    104    -0.043296049    -0.004140911    -0.001189044     -0.048943211    -0.018823875    -0.000457325
    105    -0.029463588    -0.008175717     0.005281561     -0.035072861    -0.018697575     0.002031369
    106    -0.087431961     0.008327724    -0.013184426     -0.093333675    -0.019672379    -0.005070933
    107    -0.073901561     0.004108617    -0.010411591     -0.079856017    -0.019848188    -0.004004458
    108    -0.060426141     0.000000000    -0.006433923     -0.066402352    -0.019920706    -0.002474586
    109    -0.047005701    -0.003998662    -0.001238623     -0.052972857    -0.019890519    -0.000476393
    110    -0.033640241    -0.007887294     0.005187108     -0.039567505    -0.019757545     0.001995042
    111    -0.089531177     0.008054668    -0.013047063     -0.095730524    -0.020664490    -0.005018101
    112    -0.076479186     0.003970193    -0.010340917     -0.082734207    -0.020850069    -0.003977276
    113    -0.063478417     0.000000000    -0.006429252     -0.069756502    -0.020926951    -0.002472789
    114    -0.050528870    -0.003856447    -0.001299721     -0.056797587    -0.020895723    -0.000499893
    115    -0.037630544    -0.007599071     0.005060027     -0.043857435    -0.020756301     0.001946164
    116    -0.091419142     0.007781279    -0.012859686     -0.097895339    -0.021587323    -0.004946033
    117    -0.078845294     0.003831669    -0.010240607     -0.085379993    -0.021782329    -0.003938695
    118    -0.066319043     0.000000000    -0.006415324     -0.072878069    -0.021863421    -0.002467432
    119    -0.053840389    -0.003714264    -0.001371939     -0.060389745    -0.021831188    -0.000527669
    120    -0.041409331    -0.007311047     0.004901447     -0.047914994    -0.021685545     0.001885172
    121    -0.093071575     0.007507557    -0.012624093     -0.099801437    -0.022432874    -0.004855420
    122    -0.080975605     0.003693046    -0.010111726     -0.087766693    -0.022636962    -0.003889125
    123    -0.068923739     0.000000000    -0.006392471     -0.075740372    -0.022722112    -0.002458643
    124    -0.056915977    -0.003572115    -0.001454878     -0.063722650    -0.022688910    -0.000559569
    125    -0.044952319    -0.007023223     0.004712500     -0.051713501    -0.022537273     0.001812500
    126    -0.094465083     0.007233503    -0.012342078     -0.101423112    -0.023193430    -0.004746953
    127    -0.082846724     0.003554322    -0.009955338     -0.089868601    -0.023406258    -0.003828976
    128    -0.071269110     0.000000000    -0.006361025     -0.078317703    -0.023495311    -0.002446548
    129    -0.059732240    -0.003429999    -0.001548139     -0.066770594    -0.023461177    -0.000595438
    130    -0.048236116    -0.006735599     0.004494317     -0.055227248    -0.023303773     0.001728583
    131    -0.095577158     0.006959117    -0.012015437     -0.102735630    -0.023861572    -0.004621322
    132    -0.084436145     0.003415499    -0.009772508     -0.091660984    -0.024082796    -0.003758657
    133    -0.073332650     0.000000000    -0.006321319     -0.080585330    -0.024175599    -0.002431277
    134    -0.062266673    -0.003287916    -0.001651323     -0.069508844    -0.024140570    -0.000635124
    135    -0.051238215    -0.006448174     0.004248028     -0.058431502    -0.023977624     0.001633857
    136    -0.096386183     0.006684398    -0.011645968     -0.103715235    -0.024430173    -0.004479219
    137    -0.085722249     0.003276576    -0.009564300     -0.093120083    -0.024659449    -0.003678577
    138    -0.075092740     0.000000000    -0.006273687     -0.082519494    -0.024755848    -0.002412956
    139    -0.064497656    -0.003145867    -0.001764031     -0.071913644    -0.024719960    -0.000678474
    140    -0.053936997    -0.006160948     0.003974765     -0.061302507    -0.024551700     0.001528756
    141    -0.096871423     0.006409346    -0.011235466     -0.104339142    -0.024892397    -0.004321333
    142    -0.086684302     0.003137554    -0.009331777     -0.094223116    -0.025129381    -0.003589145
    143    -0.076528646     0.000000000    -0.006218459     -0.084097413    -0.025229224    -0.002391715
    144    -0.066404455    -0.003003851    -0.001885863     -0.073962209    -0.025192514    -0.000725332
    145    -0.056311729    -0.005873922     0.003675657     -0.063817479    -0.025019166     0.001413714
    146    -0.097013032     0.006133961    -0.010785726     -0.104585543    -0.025241702    -0.004148356
    147    -0.087302460     0.002998431    -0.009076005     -0.094948275    -0.025486051    -0.003490771
    148    -0.077620524     0.000000000    -0.006155969     -0.085297279    -0.025589184    -0.002367680
    149    -0.067967225    -0.002861868    -0.002016421     -0.075632732    -0.025551687    -0.000775546
    150    -0.058342565    -0.005587096     0.003351838     -0.065954609    -0.025373479     0.001289168
    151    -0.096792054     0.005858244    -0.010298546     -0.104433605    -0.025471837    -0.003960979
    152    -0.087557764     0.002859209    -0.008798046     -0.095274727    -0.025723209    -0.003383864
    153    -0.078349413     0.000000000    -0.006086546     -0.086098256    -0.025829477    -0.002340979
    154    -0.069167006    -0.002719919    -0.002155303     -0.076904375    -0.025791231    -0.000828963
    155    -0.060010547    -0.005300470     0.003004435     -0.067693064    -0.025608389     0.001155552
    156    -0.096190418     0.005582194    -0.009775721     -0.103863472    -0.025576847    -0.003759893
    157    -0.087432147     0.002719887    -0.008498963     -0.095182616    -0.025834898    -0.003268832
    158    -0.078697243    -0.000000001    -0.006010523     -0.086480487    -0.025944147    -0.002311740
    159    -0.069985722    -0.002578003    -0.002302111     -0.077757278    -0.025905186    -0.000885427
    160    -0.061297599    -0.005014043     0.002634581     -0.069012980    -0.025717937     0.001013300
    161    -0.095190951     0.005305812    -0.009219049     -0.102856272    -0.025551070    -0.003545788
    162    -0.086908430     0.002580464    -0.008179820     -0.094653067    -0.025815456    -0.003146085
    163    -0.078646827    -0.000000003    -0.005928232     -0.086425085    -0.025927528    -0.002280089
    164    -0.070406181    -0.002436121    -0.002456446     -0.078172547    -0.025887885    -0.000944787
    165    -0.062186528    -0.004727815     0.002243403     -0.069895464    -0.025696454     0.000862847
    166    -0.093777376     0.005029097    -0.008630332     -0.101394117    -0.025389139    -0.003319358
    167    -0.085970325     0.002440941    -0.007841687     -0.093668179    -0.025659512    -0.003016033
    168    -0.078181867    -0.000000005    -0.005840013     -0.085914141    -0.025774248    -0.002246159
    169    -0.070412075    -0.002294274    -0.002617915     -0.078132261    -0.025733952    -0.001006891
    170    -0.062661016    -0.004441786     0.001832026     -0.070322584    -0.025538561     0.000704625
    171    -0.091934319     0.004752048    -0.008011375     -0.099460115    -0.025085986    -0.003081298
    172    -0.084602421     0.002301317    -0.007485656     -0.092211018    -0.025361988    -0.002879098
    173    -0.077286952    -0.000000008    -0.005746240     -0.084930719    -0.025479223    -0.002210092
    174    -0.069987993    -0.002152457    -0.002786146     -0.077619483    -0.025438302    -0.001071595
    175    -0.062705617    -0.004155955     0.001401571     -0.070277366    -0.025239165     0.000539066
    176    -0.089647285     0.004474668    -0.007363993     -0.097038335    -0.024636833    -0.002832305
    177    -0.082790141     0.002161593    -0.007112874     -0.090265564    -0.024918077    -0.002735721
    178    -0.075947562    -0.000000003    -0.005647364     -0.083458861    -0.025037661    -0.002172063
    179    -0.069119466    -0.002010664    -0.002960805     -0.076618313    -0.024996158    -0.001138771
    180    -0.062305778    -0.003870319     0.000953164     -0.069743817    -0.024793465     0.000366601
    181    -0.086902546     0.004196956    -0.006689994     -0.094113691    -0.024037151    -0.002573074
    182    -0.080519625     0.002021773    -0.006724593     -0.087816586    -0.024323203    -0.002586382
    183    -0.074150078     0.000000028    -0.005543985     -0.081483593    -0.024445050    -0.002132302
    184    -0.067793096    -0.001868875    -0.003141632     -0.075114021    -0.024403082    -0.001208320
    185    -0.061447941    -0.003584878     0.000487959     -0.068707038    -0.024196989     0.000187676
    186    -0.083686807     0.003918919    -0.005991123     -0.090671572    -0.023282553    -0.002304278
    187    -0.077777492     0.001881874    -0.006322189     -0.084849373    -0.023572938    -0.002431611
    188    -0.071881794     0.000000126    -0.005436866     -0.078990940    -0.023697156    -0.002091102
    189    -0.065996805    -0.001727052    -0.003328420     -0.073093320    -0.023655048    -0.001280162
    190    -0.060119849    -0.003299633     0.000007223     -0.067153559    -0.023445701     0.000002778
    191    -0.079986458     0.003640568    -0.005268909     -0.086697019    -0.022368538    -0.002026504
    192    -0.074550511     0.001741934    -0.005906962     -0.081349375    -0.022662879    -0.002271908
    193    -0.069130940     0.000000361    -0.005326634     -0.075967947    -0.022790023    -0.002048705
    194    -0.063720185    -0.001585143    -0.003520796     -0.070544756    -0.022748570    -0.001354152
    195    -0.058311248    -0.003014609    -0.000487487     -0.065072122    -0.022536246    -0.000187495
    196    -0.075786330     0.003361924    -0.004524315     -0.082173354    -0.021290082    -0.001740121
    197    -0.070825592     0.001602026    -0.005479209     -0.077302180    -0.021588628    -0.002107388
    198    -0.065886679     0.000000789    -0.005212393     -0.072402684    -0.021720016    -0.002004767
    199    -0.060954514    -0.001443149    -0.003717357     -0.067458746    -0.021680773    -0.001429753
    200    -0.056015084    -0.002729882    -0.000994025     -0.062454999    -0.021466382    -0.000382317
    201    -0.071068729     0.003083008    -0.003757229     -0.077081128    -0.020041331    -0.001445088
    202    -0.066591559     0.001462246    -0.005035488     -0.072695479    -0.020346398    -0.001936726
    203    -0.062138997     0.000001282    -0.005087741     -0.068284189    -0.020483975    -0.001956823
    204    -0.057690876    -0.001301333    -0.003913312     -0.063825578    -0.020449007    -0.001505120
    205    -0.053228478    -0.002445633    -0.001509432     -0.059299085    -0.020235358    -0.000580551
    206    -0.065816345     0.002803797    -0.002966098     -0.071401325    -0.018616601    -0.001140807
    207    -0.061846637     0.001322586    -0.004562670     -0.067527320    -0.018935610    -0.001754873
    208    -0.057878378     0.000001036    -0.004931795     -0.063602272    -0.019079646    -0.001896844
    209    -0.053912250    -0.001160754    -0.004095628     -0.059626897    -0.019048823    -0.001575242
    210    -0.049950010    -0.002162198    -0.002030478     -0.055602933    -0.018843078    -0.000780953
    211    -0.060029562     0.002524041    -0.002150284     -0.065134451    -0.017016294    -0.000827032
    212    -0.056619531     0.001182558    -0.004027610     -0.061829411    -0.017366265    -0.001549081
    213    -0.053095078    -0.000002509    -0.004695325     -0.058347067    -0.017506629    -0.001805894
    214    -0.049571420    -0.001024298    -0.004235354     -0.054811768    -0.017467829    -0.001628982
    215    -0.046162557    -0.001879944    -0.002558020     -0.051347847    -0.017284298    -0.000983854
    216    -0.053780731     0.002243204    -0.001314711     -0.058360187    -0.015264852    -0.000505658
    217    -0.051015037     0.001040118    -0.003372067     -0.055717584    -0.015675157    -0.001296949
    218    -0.047777779    -0.000015420    -0.004288465     -0.052508137    -0.015767861    -0.001649410
    219    -0.044543495    -0.000897844    -0.004288449     -0.049244888    -0.015671310    -0.001649403
    220    -0.041778315    -0.001598749    -0.003108112     -0.046437296    -0.015529938    -0.001195428
    221    -0.047352155     0.001958707    -0.000511796     -0.051389607    -0.013458176    -0.000196845
    222    -0.045287371     0.000890471    -0.002511326     -0.049472779    -0.013951363    -0.000965895
    223    -0.041901709    -0.000048620    -0.003635372     -0.046061863    -0.013867179    -0.001398220
    224    -0.038558171    -0.000790006    -0.004226091     -0.042632058    -0.013579624    -0.001625420
    225    -0.036505968    -0.001314841    -0.003756706     -0.040549912    -0.013479814    -0.001444887
    226    -0.041511537     0.001674103     0.000237758     -0.045065172    -0.011845449     0.000091445
    227    -0.039874837     0.000720901    -0.001523221     -0.043580842    -0.012353351    -0.000585854
    228    -0.035381260    -0.000114586    -0.002819429     -0.038918281    -0.011790070    -0.001084396
    229    -0.031158629    -0.000699682    -0.004286177     -0.034470916    -0.011040957    -0.001648530
    230    -0.029676636    -0.001017584    -0.004662755     -0.032947155    -0.010901731    -0.001793367
    231    -0.038166191     0.001353653     0.000146937     -0.041494610    -0.011094731     0.000056514
    232    -0.035223733     0.000527113    -0.000406197     -0.038533625    -0.011032975    -0.000156230
    233    -0.027689587    -0.000204730    -0.003201622     -0.030495611    -0.009353413    -0.001231393
    234    -0.022075103    -0.000587624    -0.005260881     -0.024452078    -0.007923248    -0.002023416
    235    -0.020207095    -0.000663826    -0.006336854     -0.022424443    -0.007391159    -0.002437252
    236    -0.040642681     0.001180097     0.001562973     -0.044273244    -0.012101876     0.000601143
    237    -0.030095713     0.000207174    -0.003844959     -0.033003913    -0.009694000    -0.001478831
    238    -0.018113725    -0.000230997    -0.006515587     -0.019981346    -0.006225401    -0.002505995
    239    -0.011464366    -0.000261057    -0.010422231     -0.012684267    -0.004066337    -0.004008550
    240    -0.008700949    -0.000208143    -0.008826673     -0.009630101    -0.003097173    -0.003394874
    241    -0.050013116    -0.000253784    -0.020702092     -0.055043133    -0.016766724    -0.007962343
    242    -0.024955231     0.000104650    -0.007998721     -0.027388831    -0.008111999    -0.003076431
    243    -0.001013338     0.000125940    -0.027612827     -0.001072039    -0.000195671    -0.010620318
    244    -0.005950829     0.000465913    -0.018505738     -0.006385774    -0.001449819    -0.007117592
    245     0.000438179     0.000263477    -0.009899131      0.000568376     0.000433990    -0.003807358
    246    -0.008510421     0.004523694     0.056436156     -0.007860783     0.002165459     0.021706214
    247    -0.003848884    -0.002242675    -0.137622918     -0.004968886    -0.003733341    -0.052931891
    248    -0.008494649     0.001555873    -0.043588509     -0.008821854    -0.001090683    -0.016764811
    249    -0.006626910     0.000930020    -0.008707840     -0.006975718    -0.001162696    -0.003349169
    250     0.000435343     0.000135579    -0.001077685      0.000523096     0.000292508    -0.000414494
