/TITLE, CONTINUUM GROUND STRUCTURE
! Created with:       FlExtract v1.13
! Element type:       PLANE42
! Number of nodes:    306
! Number of elements: 250

/PREP7
! Element type: ET, type #, name
ET, 1, PLANE42, , , 3

! Nodal coordinates: 'N', node_id, x-coord, y-coord, z-coord
N,	1,	0,	0,	0
N,	2,	0,	2,	0
N,	3,	0,	4,	0
N,	4,	0,	6,	0
N,	5,	0,	8,	0
N,	6,	0,	10,	0
N,	7,	2,	0,	0
N,	8,	2,	2,	0
N,	9,	2,	4,	0
N,	10,	2,	6,	0
N,	11,	2,	8,	0
N,	12,	2,	10,	0
N,	13,	4,	0,	0
N,	14,	4,	2,	0
N,	15,	4,	4,	0
N,	16,	4,	6,	0
N,	17,	4,	8,	0
N,	18,	4,	10,	0
N,	19,	6,	0,	0
N,	20,	6,	2,	0
N,	21,	6,	4,	0
N,	22,	6,	6,	0
N,	23,	6,	8,	0
N,	24,	6,	10,	0
N,	25,	8,	0,	0
N,	26,	8,	2,	0
N,	27,	8,	4,	0
N,	28,	8,	6,	0
N,	29,	8,	8,	0
N,	30,	8,	10,	0
N,	31,	10,	0,	0
N,	32,	10,	2,	0
N,	33,	10,	4,	0
N,	34,	10,	6,	0
N,	35,	10,	8,	0
N,	36,	10,	10,	0
N,	37,	12,	0,	0
N,	38,	12,	2,	0
N,	39,	12,	4,	0
N,	40,	12,	6,	0
N,	41,	12,	8,	0
N,	42,	12,	10,	0
N,	43,	14,	0,	0
N,	44,	14,	2,	0
N,	45,	14,	4,	0
N,	46,	14,	6,	0
N,	47,	14,	8,	0
N,	48,	14,	10,	0
N,	49,	16,	0,	0
N,	50,	16,	2,	0
N,	51,	16,	4,	0
N,	52,	16,	6,	0
N,	53,	16,	8,	0
N,	54,	16,	10,	0
N,	55,	18,	0,	0
N,	56,	18,	2,	0
N,	57,	18,	4,	0
N,	58,	18,	6,	0
N,	59,	18,	8,	0
N,	60,	18,	10,	0
N,	61,	20,	0,	0
N,	62,	20,	2,	0
N,	63,	20,	4,	0
N,	64,	20,	6,	0
N,	65,	20,	8,	0
N,	66,	20,	10,	0
N,	67,	22,	0,	0
N,	68,	22,	2,	0
N,	69,	22,	4,	0
N,	70,	22,	6,	0
N,	71,	22,	8,	0
N,	72,	22,	10,	0
N,	73,	24,	0,	0
N,	74,	24,	2,	0
N,	75,	24,	4,	0
N,	76,	24,	6,	0
N,	77,	24,	8,	0
N,	78,	24,	10,	0
N,	79,	26,	0,	0
N,	80,	26,	2,	0
N,	81,	26,	4,	0
N,	82,	26,	6,	0
N,	83,	26,	8,	0
N,	84,	26,	10,	0
N,	85,	28,	0,	0
N,	86,	28,	2,	0
N,	87,	28,	4,	0
N,	88,	28,	6,	0
N,	89,	28,	8,	0
N,	90,	28,	10,	0
N,	91,	30,	0,	0
N,	92,	30,	2,	0
N,	93,	30,	4,	0
N,	94,	30,	6,	0
N,	95,	30,	8,	0
N,	96,	30,	10,	0
N,	97,	32,	0,	0
N,	98,	32,	2,	0
N,	99,	32,	4,	0
N,	100,	32,	6,	0
N,	101,	32,	8,	0
N,	102,	32,	10,	0
N,	103,	34,	0,	0
N,	104,	34,	2,	0
N,	105,	34,	4,	0
N,	106,	34,	6,	0
N,	107,	34,	8,	0
N,	108,	34,	10,	0
N,	109,	36,	0,	0
N,	110,	36,	2,	0
N,	111,	36,	4,	0
N,	112,	36,	6,	0
N,	113,	36,	8,	0
N,	114,	36,	10,	0
N,	115,	38,	0,	0
N,	116,	38,	2,	0
N,	117,	38,	4,	0
N,	118,	38,	6,	0
N,	119,	38,	8,	0
N,	120,	38,	10,	0
N,	121,	40,	0,	0
N,	122,	40,	2,	0
N,	123,	40,	4,	0
N,	124,	40,	6,	0
N,	125,	40,	8,	0
N,	126,	40,	10,	0
N,	127,	42,	0,	0
N,	128,	42,	2,	0
N,	129,	42,	4,	0
N,	130,	42,	6,	0
N,	131,	42,	8,	0
N,	132,	42,	10,	0
N,	133,	44,	0,	0
N,	134,	44,	2,	0
N,	135,	44,	4,	0
N,	136,	44,	6,	0
N,	137,	44,	8,	0
N,	138,	44,	10,	0
N,	139,	46,	0,	0
N,	140,	46,	2,	0
N,	141,	46,	4,	0
N,	142,	46,	6,	0
N,	143,	46,	8,	0
N,	144,	46,	10,	0
N,	145,	48,	0,	0
N,	146,	48,	2,	0
N,	147,	48,	4,	0
N,	148,	48,	6,	0
N,	149,	48,	8,	0
N,	150,	48,	10,	0
N,	151,	50,	0,	0
N,	152,	50,	2,	0
N,	153,	50,	4,	0
N,	154,	50,	6,	0
N,	155,	50,	8,	0
N,	156,	50,	10,	0
N,	157,	52,	0,	0
N,	158,	52,	2,	0
N,	159,	52,	4,	0
N,	160,	52,	6,	0
N,	161,	52,	8,	0
N,	162,	52,	10,	0
N,	163,	54,	0,	0
N,	164,	54,	2,	0
N,	165,	54,	4,	0
N,	166,	54,	6,	0
N,	167,	54,	8,	0
N,	168,	54,	10,	0
N,	169,	56,	0,	0
N,	170,	56,	2,	0
N,	171,	56,	4,	0
N,	172,	56,	6,	0
N,	173,	56,	8,	0
N,	174,	56,	10,	0
N,	175,	58,	0,	0
N,	176,	58,	2,	0
N,	177,	58,	4,	0
N,	178,	58,	6,	0
N,	179,	58,	8,	0
N,	180,	58,	10,	0
N,	181,	60,	0,	0
N,	182,	60,	2,	0
N,	183,	60,	4,	0
N,	184,	60,	6,	0
N,	185,	60,	8,	0
N,	186,	60,	10,	0
N,	187,	62,	0,	0
N,	188,	62,	2,	0
N,	189,	62,	4,	0
N,	190,	62,	6,	0
N,	191,	62,	8,	0
N,	192,	62,	10,	0
N,	193,	64,	0,	0
N,	194,	64,	2,	0
N,	195,	64,	4,	0
N,	196,	64,	6,	0
N,	197,	64,	8,	0
N,	198,	64,	10,	0
N,	199,	66,	0,	0
N,	200,	66,	2,	0
N,	201,	66,	4,	0
N,	202,	66,	6,	0
N,	203,	66,	8,	0
N,	204,	66,	10,	0
N,	205,	68,	0,	0
N,	206,	68,	2,	0
N,	207,	68,	4,	0
N,	208,	68,	6,	0
N,	209,	68,	8,	0
N,	210,	68,	10,	0
N,	211,	70,	0,	0
N,	212,	70,	2,	0
N,	213,	70,	4,	0
N,	214,	70,	6,	0
N,	215,	70,	8,	0
N,	216,	70,	10,	0
N,	217,	72,	0,	0
N,	218,	72,	2,	0
N,	219,	72,	4,	0
N,	220,	72,	6,	0
N,	221,	72,	8,	0
N,	222,	72,	10,	0
N,	223,	74,	0,	0
N,	224,	74,	2,	0
N,	225,	74,	4,	0
N,	226,	74,	6,	0
N,	227,	74,	8,	0
N,	228,	74,	10,	0
N,	229,	76,	0,	0
N,	230,	76,	2,	0
N,	231,	76,	4,	0
N,	232,	76,	6,	0
N,	233,	76,	8,	0
N,	234,	76,	10,	0
N,	235,	78,	0,	0
N,	236,	78,	2,	0
N,	237,	78,	4,	0
N,	238,	78,	6,	0
N,	239,	78,	8,	0
N,	240,	78,	10,	0
N,	241,	80,	0,	0
N,	242,	80,	2,	0
N,	243,	80,	4,	0
N,	244,	80,	6,	0
N,	245,	80,	8,	0
N,	246,	80,	10,	0
N,	247,	82,	0,	0
N,	248,	82,	2,	0
N,	249,	82,	4,	0
N,	250,	82,	6,	0
N,	251,	82,	8,	0
N,	252,	82,	10,	0
N,	253,	84,	0,	0
N,	254,	84,	2,	0
N,	255,	84,	4,	0
N,	256,	84,	6,	0
N,	257,	84,	8,	0
N,	258,	84,	10,	0
N,	259,	86,	0,	0
N,	260,	86,	2,	0
N,	261,	86,	4,	0
N,	262,	86,	6,	0
N,	263,	86,	8,	0
N,	264,	86,	10,	0
N,	265,	88,	0,	0
N,	266,	88,	2,	0
N,	267,	88,	4,	0
N,	268,	88,	6,	0
N,	269,	88,	8,	0
N,	270,	88,	10,	0
N,	271,	90,	0,	0
N,	272,	90,	2,	0
N,	273,	90,	4,	0
N,	274,	90,	6,	0
N,	275,	90,	8,	0
N,	276,	90,	10,	0
N,	277,	92,	0,	0
N,	278,	92,	2,	0
N,	279,	92,	4,	0
N,	280,	92,	6,	0
N,	281,	92,	8,	0
N,	282,	92,	10,	0
N,	283,	94,	0,	0
N,	284,	94,	2,	0
N,	285,	94,	4,	0
N,	286,	94,	6,	0
N,	287,	94,	8,	0
N,	288,	94,	10,	0
N,	289,	96,	0,	0
N,	290,	96,	2,	0
N,	291,	96,	4,	0
N,	292,	96,	6,	0
N,	293,	96,	8,	0
N,	294,	96,	10,	0
N,	295,	98,	0,	0
N,	296,	98,	2,	0
N,	297,	98,	4,	0
N,	298,	98,	6,	0
N,	299,	98,	8,	0
N,	300,	98,	10,	0
N,	301,	100,	0,	0
N,	302,	100,	2,	0
N,	303,	100,	4,	0
N,	304,	100,	6,	0
N,	305,	100,	8,	0
N,	306,	100,	10,	0

! Element connectivity: 'EN', element_id,  node_ids
! Material:             'MP', property_id, material_id, value 
! Custom property:      'R',  property_id, value 
! Material 1
MP,	EX,  	1,	1
MP,	EY,  	1,	0
MP,	GXY, 	1,	0
MP,	PRXY,	1,	0.3
MP,	DENS,	1,	1000
R, 	1,	1
! Connectivity
EN,	1	1	7	8	2
EN,	2	2	8	9	3
EN,	3	3	9	10	4
EN,	4	4	10	11	5
EN,	5	5	11	12	6
EN,	6	7	13	14	8
EN,	7	8	14	15	9
EN,	8	9	15	16	10
EN,	9	10	16	17	11
EN,	10	11	17	18	12
EN,	11	13	19	20	14
EN,	12	14	20	21	15
EN,	13	15	21	22	16
EN,	14	16	22	23	17
EN,	15	17	23	24	18
EN,	16	19	25	26	20
EN,	17	20	26	27	21
EN,	18	21	27	28	22
EN,	19	22	28	29	23
EN,	20	23	29	30	24
EN,	21	25	31	32	26
EN,	22	26	32	33	27
EN,	23	27	33	34	28
EN,	24	28	34	35	29
EN,	25	29	35	36	30
EN,	26	31	37	38	32
EN,	27	32	38	39	33
EN,	28	33	39	40	34
EN,	29	34	40	41	35
EN,	30	35	41	42	36
EN,	31	37	43	44	38
EN,	32	38	44	45	39
EN,	33	39	45	46	40
EN,	34	40	46	47	41
EN,	35	41	47	48	42
EN,	36	43	49	50	44
EN,	37	44	50	51	45
EN,	38	45	51	52	46
EN,	39	46	52	53	47
EN,	40	47	53	54	48
EN,	41	49	55	56	50
EN,	42	50	56	57	51
EN,	43	51	57	58	52
EN,	44	52	58	59	53
EN,	45	53	59	60	54
EN,	46	55	61	62	56
EN,	47	56	62	63	57
EN,	48	57	63	64	58
EN,	49	58	64	65	59
EN,	50	59	65	66	60
EN,	51	61	67	68	62
EN,	52	62	68	69	63
EN,	53	63	69	70	64
EN,	54	64	70	71	65
EN,	55	65	71	72	66
EN,	56	67	73	74	68
EN,	57	68	74	75	69
EN,	58	69	75	76	70
EN,	59	70	76	77	71
EN,	60	71	77	78	72
EN,	61	73	79	80	74
EN,	62	74	80	81	75
EN,	63	75	81	82	76
EN,	64	76	82	83	77
EN,	65	77	83	84	78
EN,	66	79	85	86	80
EN,	67	80	86	87	81
EN,	68	81	87	88	82
EN,	69	82	88	89	83
EN,	70	83	89	90	84
EN,	71	85	91	92	86
EN,	72	86	92	93	87
EN,	73	87	93	94	88
EN,	74	88	94	95	89
EN,	75	89	95	96	90
EN,	76	91	97	98	92
EN,	77	92	98	99	93
EN,	78	93	99	100	94
EN,	79	94	100	101	95
EN,	80	95	101	102	96
EN,	81	97	103	104	98
EN,	82	98	104	105	99
EN,	83	99	105	106	100
EN,	84	100	106	107	101
EN,	85	101	107	108	102
EN,	86	103	109	110	104
EN,	87	104	110	111	105
EN,	88	105	111	112	106
EN,	89	106	112	113	107
EN,	90	107	113	114	108
EN,	91	109	115	116	110
EN,	92	110	116	117	111
EN,	93	111	117	118	112
EN,	94	112	118	119	113
EN,	95	113	119	120	114
EN,	96	115	121	122	116
EN,	97	116	122	123	117
EN,	98	117	123	124	118
EN,	99	118	124	125	119
EN,	100	119	125	126	120
EN,	101	121	127	128	122
EN,	102	122	128	129	123
EN,	103	123	129	130	124
EN,	104	124	130	131	125
EN,	105	125	131	132	126
EN,	106	127	133	134	128
EN,	107	128	134	135	129
EN,	108	129	135	136	130
EN,	109	130	136	137	131
EN,	110	131	137	138	132
EN,	111	133	139	140	134
EN,	112	134	140	141	135
EN,	113	135	141	142	136
EN,	114	136	142	143	137
EN,	115	137	143	144	138
EN,	116	139	145	146	140
EN,	117	140	146	147	141
EN,	118	141	147	148	142
EN,	119	142	148	149	143
EN,	120	143	149	150	144
EN,	121	145	151	152	146
EN,	122	146	152	153	147
EN,	123	147	153	154	148
EN,	124	148	154	155	149
EN,	125	149	155	156	150
EN,	126	151	157	158	152
EN,	127	152	158	159	153
EN,	128	153	159	160	154
EN,	129	154	160	161	155
EN,	130	155	161	162	156
EN,	131	157	163	164	158
EN,	132	158	164	165	159
EN,	133	159	165	166	160
EN,	134	160	166	167	161
EN,	135	161	167	168	162
EN,	136	163	169	170	164
EN,	137	164	170	171	165
EN,	138	165	171	172	166
EN,	139	166	172	173	167
EN,	140	167	173	174	168
EN,	141	169	175	176	170
EN,	142	170	176	177	171
EN,	143	171	177	178	172
EN,	144	172	178	179	173
EN,	145	173	179	180	174
EN,	146	175	181	182	176
EN,	147	176	182	183	177
EN,	148	177	183	184	178
EN,	149	178	184	185	179
EN,	150	179	185	186	180
EN,	151	181	187	188	182
EN,	152	182	188	189	183
EN,	153	183	189	190	184
EN,	154	184	190	191	185
EN,	155	185	191	192	186
EN,	156	187	193	194	188
EN,	157	188	194	195	189
EN,	158	189	195	196	190
EN,	159	190	196	197	191
EN,	160	191	197	198	192
EN,	161	193	199	200	194
EN,	162	194	200	201	195
EN,	163	195	201	202	196
EN,	164	196	202	203	197
EN,	165	197	203	204	198
EN,	166	199	205	206	200
EN,	167	200	206	207	201
EN,	168	201	207	208	202
EN,	169	202	208	209	203
EN,	170	203	209	210	204
EN,	171	205	211	212	206
EN,	172	206	212	213	207
EN,	173	207	213	214	208
EN,	174	208	214	215	209
EN,	175	209	215	216	210
EN,	176	211	217	218	212
EN,	177	212	218	219	213
EN,	178	213	219	220	214
EN,	179	214	220	221	215
EN,	180	215	221	222	216
EN,	181	217	223	224	218
EN,	182	218	224	225	219
EN,	183	219	225	226	220
EN,	184	220	226	227	221
EN,	185	221	227	228	222
EN,	186	223	229	230	224
EN,	187	224	230	231	225
EN,	188	225	231	232	226
EN,	189	226	232	233	227
EN,	190	227	233	234	228
EN,	191	229	235	236	230
EN,	192	230	236	237	231
EN,	193	231	237	238	232
EN,	194	232	238	239	233
EN,	195	233	239	240	234
EN,	196	235	241	242	236
EN,	197	236	242	243	237
EN,	198	237	243	244	238
EN,	199	238	244	245	239
EN,	200	239	245	246	240
EN,	201	241	247	248	242
EN,	202	242	248	249	243
EN,	203	243	249	250	244
EN,	204	244	250	251	245
EN,	205	245	251	252	246
EN,	206	247	253	254	248
EN,	207	248	254	255	249
EN,	208	249	255	256	250
EN,	209	250	256	257	251
EN,	210	251	257	258	252
EN,	211	253	259	260	254
EN,	212	254	260	261	255
EN,	213	255	261	262	256
EN,	214	256	262	263	257
EN,	215	257	263	264	258
EN,	216	259	265	266	260
EN,	217	260	266	267	261
EN,	218	261	267	268	262
EN,	219	262	268	269	263
EN,	220	263	269	270	264
EN,	221	265	271	272	266
EN,	222	266	272	273	267
EN,	223	267	273	274	268
EN,	224	268	274	275	269
EN,	225	269	275	276	270
EN,	226	271	277	278	272
EN,	227	272	278	279	273
EN,	228	273	279	280	274
EN,	229	274	280	281	275
EN,	230	275	281	282	276
EN,	231	277	283	284	278
EN,	232	278	284	285	279
EN,	233	279	285	286	280
EN,	234	280	286	287	281
EN,	235	281	287	288	282
EN,	236	283	289	290	284
EN,	237	284	290	291	285
EN,	238	285	291	292	286
EN,	239	286	292	293	287
EN,	240	287	293	294	288
EN,	241	289	295	296	290
EN,	242	290	296	297	291
EN,	243	291	297	298	292
EN,	244	292	298	299	293
EN,	245	293	299	300	294
EN,	246	295	301	302	296
EN,	247	296	302	303	297
EN,	248	297	303	304	298
EN,	249	298	304	305	299
EN,	250	299	305	306	300

! Nodal diplacement: 'D', node_id, 'UX / UY', value
D,	1,	UX,	0
D,	1,	UY,	0
D,	2,	UX,	0
D,	2,	UY,	0
D,	3,	UX,	0
D,	3,	UY,	0
D,	4,	UX,	0
D,	4,	UY,	0
D,	5,	UX,	0
D,	5,	UY,	0
D,	6,	UX,	0
D,	6,	UY,	0

! Nodal load: 'F', node_id, 'FX / FY', value
F,	302,	FY,	-0.01

! Surface load: 'SFE', element_id, face_id, 'PRES', 0, value

! Acceleration: 'ACEL', x-value, y-value, z-value
ACEL,	0.0,	0.0,	0.0

FINISH
