 Node            Displacements                Applied/reaction forces
number     1-direction     2-direction      1-direction     2-direction
     1     0.000000000     0.000000000      0.000285878     0.000070364
     2     0.000000000     0.000000000      0.000322287    -0.000001835
     3     0.000000000     0.000000000      0.000103747    -0.000018529
     4     0.000000000     0.000000000     -0.000103747    -0.000018529
     5     0.000000000     0.000000000     -0.000322287    -0.000001835
     6     0.000000000     0.000000000     -0.000285878     0.000070364
     7    -0.000584026    -0.000302336      0.000000000     0.000000000
     8    -0.000309630    -0.000160592      0.000000000     0.000000000
     9    -0.000101301    -0.000110253      0.000000000     0.000000000
    10     0.000101301    -0.000110253      0.000000000     0.000000000
    11     0.000309630    -0.000160592      0.000000000     0.000000000
    12     0.000584026    -0.000302336      0.000000000     0.000000000
    13    -0.001127635    -0.000693681      0.000000000     0.000000000
    14    -0.000649007    -0.000564858      0.000000000     0.000000000
    15    -0.000210197    -0.000496145      0.000000000     0.000000000
    16     0.000210197    -0.000496145      0.000000000     0.000000000
    17     0.000649007    -0.000564858      0.000000000     0.000000000
    18     0.001127635    -0.000693681      0.000000000     0.000000000
    19    -0.001653346    -0.001296701      0.000000000     0.000000000
    20    -0.000969329    -0.001171664      0.000000000     0.000000000
    21    -0.000318956    -0.001108319      0.000000000     0.000000000
    22     0.000318956    -0.001108319      0.000000000     0.000000000
    23     0.000969329    -0.001171664      0.000000000     0.000000000
    24     0.001653346    -0.001296701      0.000000000     0.000000000
    25    -0.002158884    -0.002104630      0.000000000     0.000000000
    26    -0.001273649    -0.001985886      0.000000000     0.000000000
    27    -0.000420838    -0.001926247      0.000000000     0.000000000
    28     0.000420838    -0.001926247      0.000000000     0.000000000
    29     0.001273649    -0.001985886      0.000000000     0.000000000
    30     0.002158884    -0.002104630      0.000000000     0.000000000
    31    -0.002641515    -0.003110897      0.000000000     0.000000000
    32    -0.001563287    -0.002997864      0.000000000     0.000000000
    33    -0.000517487    -0.002941335      0.000000000     0.000000000
    34     0.000517487    -0.002941335      0.000000000     0.000000000
    35     0.001563287    -0.002997864      0.000000000     0.000000000
    36     0.002641515    -0.003110897      0.000000000     0.000000000
    37    -0.003100659    -0.004305654      0.000000000     0.000000000
    38    -0.001838747    -0.004198292      0.000000000     0.000000000
    39    -0.000609310    -0.004144615      0.000000000     0.000000000
    40     0.000609310    -0.004144615      0.000000000     0.000000000
    41     0.001838747    -0.004198292      0.000000000     0.000000000
    42     0.003100659    -0.004305654      0.000000000     0.000000000
    43    -0.003536243    -0.005679385      0.000000000     0.000000000
    44    -0.002100087    -0.005577673      0.000000000     0.000000000
    45    -0.000696420    -0.005526820      0.000000000     0.000000000
    46     0.000696420    -0.005526819      0.000000000     0.000000000
    47     0.002100087    -0.005577673      0.000000000     0.000000000
    48     0.003536243    -0.005679385      0.000000000     0.000000000
    49    -0.003948275    -0.007222639      0.000000000     0.000000000
    50    -0.002347304    -0.007126577      0.000000000     0.000000000
    51    -0.000778825    -0.007078547      0.000000000     0.000000000
    52     0.000778825    -0.007078547      0.000000000     0.000000000
    53     0.002347304    -0.007126577      0.000000000     0.000000000
    54     0.003948275    -0.007222639      0.000000000     0.000000000
    55    -0.004336762    -0.008925997      0.000000000     0.000000000
    56    -0.002580396    -0.008835585      0.000000000     0.000000000
    57    -0.000856522    -0.008790379      0.000000000     0.000000000
    58     0.000856522    -0.008790379      0.000000000     0.000000000
    59     0.002580396    -0.008835585      0.000000000     0.000000000
    60     0.004336762    -0.008925996      0.000000000     0.000000000
    61    -0.004701703    -0.010780039      0.000000000     0.000000000
    62    -0.002799361    -0.010695278      0.000000000     0.000000000
    63    -0.000929511    -0.010652898      0.000000000     0.000000000
    64     0.000929510    -0.010652898      0.000000000     0.000000000
    65     0.002799361    -0.010695278      0.000000000     0.000000000
    66     0.004701704    -0.010780039      0.000000000     0.000000000
    67    -0.005043099    -0.012775348      0.000000000     0.000000000
    68    -0.003004199    -0.012696239      0.000000000     0.000000000
    69    -0.000997790    -0.012656684      0.000000000     0.000000000
    70     0.000997789    -0.012656684      0.000000000     0.000000000
    71     0.003004199    -0.012696239      0.000000000     0.000000000
    72     0.005043102    -0.012775349      0.000000000     0.000000000
    73    -0.005360951    -0.014902506      0.000000000     0.000000000
    74    -0.003194911    -0.014829048      0.000000000     0.000000000
    75    -0.001061361    -0.014792319      0.000000000     0.000000000
    76     0.001061359    -0.014792321      0.000000000     0.000000000
    77     0.003194911    -0.014829052      0.000000000     0.000000000
    78     0.005360956    -0.014902512      0.000000000     0.000000000
    79    -0.005655258    -0.017152093      0.000000000     0.000000000
    80    -0.003371496    -0.017084285      0.000000000     0.000000000
    81    -0.001120221    -0.017050385      0.000000000     0.000000000
    82     0.001120223    -0.017050391      0.000000000     0.000000000
    83     0.003371495    -0.017084300      0.000000000     0.000000000
    84     0.005655264    -0.017152109      0.000000000     0.000000000
    85    -0.005926026    -0.019514689      0.000000000     0.000000000
    86    -0.003533955    -0.019452532      0.000000000     0.000000000
    87    -0.001174366    -0.019421463      0.000000000     0.000000000
    88     0.001174383    -0.019421478      0.000000000     0.000000000
    89     0.003533952    -0.019452567      0.000000000     0.000000000
    90     0.005926023    -0.019514726      0.000000000     0.000000000
    91    -0.006173265    -0.021980878      0.000000000     0.000000000
    92    -0.003682288    -0.021924370      0.000000000     0.000000000
    93    -0.001223790    -0.021896135      0.000000000     0.000000000
    94     0.001223846    -0.021896164      0.000000000     0.000000000
    95     0.003682281    -0.021924436      0.000000000     0.000000000
    96     0.006173221    -0.021980942      0.000000000     0.000000000
    97    -0.006396996    -0.024541259      0.000000000     0.000000000
    98    -0.003816495    -0.024490395      0.000000000     0.000000000
    99    -0.001268484    -0.024464989      0.000000000     0.000000000
   100     0.001268622    -0.024465025      0.000000000     0.000000000
   101     0.003816483    -0.024490476      0.000000000     0.000000000
   102     0.006396838    -0.024541325      0.000000000     0.000000000
   103    -0.006597249    -0.027186469      0.000000000     0.000000000
   104    -0.003936574    -0.027141237      0.000000000     0.000000000
   105    -0.001308448    -0.027118628      0.000000000     0.000000000
   106     0.001308710    -0.027118621      0.000000000     0.000000000
   107     0.003936560    -0.027141219      0.000000000     0.000000000
   108     0.006596844    -0.027186399      0.000000000     0.000000000
   109    -0.006774029    -0.029907233      0.000000000     0.000000000
   110    -0.004042513    -0.029867612      0.000000000     0.000000000
   111    -0.001343733    -0.029847691      0.000000000     0.000000000
   112     0.001344062    -0.029847476      0.000000000     0.000000000
   113     0.004042524    -0.029867117      0.000000000     0.000000000
   114     0.006773232    -0.029906608      0.000000000     0.000000000
   115    -0.006927204    -0.032694399      0.000000000     0.000000000
   116    -0.004134291    -0.032660371      0.000000000     0.000000000
   117    -0.001374535    -0.032642871      0.000000000     0.000000000
   118     0.001374489    -0.032642053      0.000000000     0.000000000
   119     0.004134407    -0.032658480      0.000000000     0.000000000
   120     0.006926119    -0.032692268      0.000000000     0.000000000
   121    -0.007056218    -0.035538876      0.000000000     0.000000000
   122    -0.004211865    -0.035510470      0.000000000     0.000000000
   123    -0.001401375    -0.035494935      0.000000000     0.000000000
   124     0.001399477    -0.035492764      0.000000000     0.000000000
   125     0.004212274    -0.035505494      0.000000000     0.000000000
   126     0.007056024    -0.035533581      0.000000000     0.000000000
   127    -0.007159573    -0.038431066      0.000000000     0.000000000
   128    -0.004275144    -0.038408601      0.000000000     0.000000000
   129    -0.001425236    -0.038394636      0.000000000     0.000000000
   130     0.001417876    -0.038390282      0.000000000     0.000000000
   131     0.004276173    -0.038398453      0.000000000     0.000000000
   132     0.007164473    -0.038421060      0.000000000     0.000000000
   133    -0.007234602    -0.041359254      0.000000000     0.000000000
   134    -0.004323664    -0.041343740      0.000000000     0.000000000
   135    -0.001447221    -0.041332733      0.000000000     0.000000000
   136     0.001427644    -0.041326228      0.000000000     0.000000000
   137     0.004325668    -0.041329436      0.000000000     0.000000000
   138     0.007255090    -0.041346279      0.000000000     0.000000000
   139    -0.007278931    -0.044307137      0.000000000     0.000000000
   140    -0.004356346    -0.044300191      0.000000000     0.000000000
   141    -0.001465426    -0.044297755      0.000000000     0.000000000
   142     0.001425912    -0.044297269      0.000000000     0.000000000
   143     0.004358067    -0.044294094      0.000000000     0.000000000
   144     0.007336616    -0.044309293      0.000000000     0.000000000
   145    -0.007295412    -0.047253677      0.000000000     0.000000000
   146    -0.004372217    -0.047255527      0.000000000     0.000000000
   147    -0.001473388    -0.047268595      0.000000000     0.000000000
   148     0.001422739    -0.047294870      0.000000000     0.000000000
   149     0.004360071    -0.047320434      0.000000000     0.000000000
   150     0.007422410    -0.047315887      0.000000000     0.000000000
   151    -0.007297563    -0.050184671      0.000000000     0.000000000
   152    -0.004374707    -0.050186962      0.000000000     0.000000000
   153    -0.001468490    -0.050205746      0.000000000     0.000000000
   154     0.001436328    -0.050263487      0.000000000     0.000000000
   155     0.004377879    -0.050387260      0.000000000     0.000000000
   156     0.007505542    -0.050617767      0.000000000    -0.000100000
                                            ___________     ___________
                              Summation     0.000000000     0.000000000

Element                    Element strain                                   Element Stress
number      1-direction     2-direction     3-direction      1-direction     2-direction     3-direction
      1    -0.002234140     0.000354361    -0.000471330     -0.233827621    -0.034712151    -0.018128076
      2    -0.001027327     0.000125847    -0.000156290     -0.108744240    -0.020038524    -0.006011160
      3     0.000000000     0.000000000    -0.000044760      0.000000000     0.000000000    -0.001721529
      4     0.001027327    -0.000125847    -0.000156290      0.108744240     0.020038524    -0.006011160
      5     0.002234140    -0.000354361    -0.000471330      0.233827621     0.034712151    -0.018128076
      6    -0.002209007     0.000676606    -0.000109350     -0.220442362     0.001527849    -0.004205765
      7    -0.001121608     0.000297489    -0.000359408     -0.113446308    -0.004284996    -0.013823371
      8    -0.000000600     0.000000000    -0.000372521     -0.000065968    -0.000019791    -0.014327719
      9     0.001120047    -0.000297678    -0.000356915      0.113268589     0.004212804    -0.013727517
     10     0.002206644    -0.000676317    -0.000104937      0.220192141    -0.001574045    -0.004036024
     11    -0.002118645     0.000634754    -0.000123680     -0.211892187    -0.000092211    -0.004756925
     12    -0.001075691     0.000330235    -0.000327850     -0.107320975     0.000827222    -0.012609631
     13    -0.000002698     0.000000000    -0.000416245     -0.000296485    -0.000088946    -0.016009410
     14     0.001070080    -0.000330120    -0.000323448      0.106708103    -0.000999554    -0.012440323
     15     0.002112183    -0.000634586    -0.000114677      0.211187593    -0.000102354    -0.004410639
     16    -0.002031168     0.000609713    -0.000140363     -0.203104852     0.000039872    -0.005398563
     17    -0.001021435     0.000307552    -0.000327214     -0.102106511     0.000123278    -0.012585150
     18    -0.000005646     0.000000000    -0.000392292     -0.000620427    -0.000186129    -0.015088159
     19     0.001009896    -0.000307433    -0.000320905      0.100842439    -0.000490563    -0.012342510
     20     0.002018751    -0.000609301    -0.000127558      0.201753947    -0.000403886    -0.004906067
     21    -0.001940828     0.000579752    -0.000147072     -0.194165084    -0.000274353    -0.005656625
     22    -0.000975298     0.000290522    -0.000327128     -0.097597927    -0.000227212    -0.012581848
     23    -0.000009308     0.000000000    -0.000385846     -0.001022903    -0.000306870    -0.014840225
     24     0.000956423    -0.000290390    -0.000319257      0.095528091    -0.000380566    -0.012279104
     25     0.001921092    -0.000579262    -0.000131095      0.192012445    -0.000322427    -0.005042114
     26    -0.001850796     0.000551361    -0.000149302     -0.185207403    -0.000426132    -0.005742388
     27    -0.000931971     0.000275628    -0.000328139     -0.093327777    -0.000435548    -0.012620744
     28    -0.000013504     0.000000000    -0.000384797     -0.001483966    -0.000445185    -0.014799894
     29     0.000904705    -0.000275479    -0.000319010      0.090336355    -0.000447031    -0.012269623
     30     0.001822744    -0.000550765    -0.000130859      0.182144423    -0.000433142    -0.005033054
     31    -0.001761065     0.000523122    -0.000150511     -0.176277821    -0.000571186    -0.005788903
     32    -0.000889411     0.000261455    -0.000328914     -0.089118058    -0.000589881    -0.012650555
     33    -0.000018052     0.000000000    -0.000385025     -0.001983734    -0.000595105    -0.014808672
     34     0.000853071    -0.000261282    -0.000318840      0.085130413    -0.000589114    -0.012263073
     35     0.001724020    -0.000522424    -0.000130196      0.172230033    -0.000573382    -0.005007529
     36    -0.001671526     0.000494934    -0.000151348     -0.167367688    -0.000716923    -0.005821079
     37    -0.000847037     0.000247358    -0.000329474     -0.084926328    -0.000742082    -0.012672082
     38    -0.000022772     0.000000000    -0.000385282     -0.002502412    -0.000750686    -0.014818551
     39     0.000801283    -0.000247160    -0.000318734      0.079904907    -0.000744559    -0.012259015
     40     0.001625143    -0.000494138    -0.000129714      0.162296890    -0.000724698    -0.004988987
     41    -0.001582004     0.000466741    -0.000151888     -0.158459555    -0.000863799    -0.005841863
     42    -0.000804658     0.000233256    -0.000329833     -0.080734194    -0.000894622    -0.012685878
     43    -0.000027500     0.000000001    -0.000385455     -0.003021933    -0.000906508    -0.014825184
     44     0.000749472    -0.000233035    -0.000318689      0.074677145    -0.000900323    -0.012257278
     45     0.001526260    -0.000465851    -0.000129456      0.152363160    -0.000876191    -0.004979087
     46    -0.001492341     0.000438543    -0.000152135     -0.149536028    -0.001006555    -0.005851350
     47    -0.000762129     0.000219148    -0.000330011     -0.076525782    -0.001042955    -0.012692725
     48    -0.000032081     0.000000001    -0.000385558     -0.003525368    -0.001057520    -0.014829149
     49     0.000697803    -0.000218904    -0.000318709      0.069465055    -0.001050870    -0.012258052
     50     0.001427523    -0.000437566    -0.000129397      0.142445452    -0.001022939    -0.004976823
     51    -0.001402389     0.000410340    -0.000152098     -0.140580992    -0.001140281    -0.005849941
     52    -0.000719309     0.000205036    -0.000330019     -0.072285468    -0.001182040    -0.012693048
     53    -0.000036370     0.000000000    -0.000385605     -0.003996759    -0.001199038    -0.014830978
     54     0.000646425    -0.000204773    -0.000318793      0.064284928    -0.001191798    -0.012261283
     55     0.001329077    -0.000409282    -0.000129520      0.132559617    -0.001160294    -0.004981520
     56    -0.001312014     0.000382134    -0.000151793     -0.131579522    -0.001260467    -0.005838180
     57    -0.000676061     0.000190920    -0.000329865     -0.067998307    -0.001307449    -0.012687126
     58    -0.000040230    -0.000000005    -0.000385603     -0.004421012    -0.001326816    -0.014830889
     59     0.000595475    -0.000190644    -0.000318941      0.059151851    -0.001318891    -0.012266954
     60     0.001231057    -0.000381000    -0.000129812      0.122720541    -0.001283863    -0.004992778
     61    -0.001221091     0.000353924    -0.000151229     -0.122517963    -0.001363009    -0.005816517
     62    -0.000632256     0.000176798    -0.000329551     -0.063650213    -0.001415313    -0.012675038
     63    -0.000043526    -0.000000020    -0.000385554     -0.004783737    -0.001437119    -0.014829006
     64     0.000545085    -0.000176523    -0.000319156      0.054080022    -0.001428290    -0.012275225
     65     0.001133588    -0.000352721    -0.000130270      0.112941953    -0.001389535    -0.005010401
     66    -0.001129510     0.000325711    -0.000150414     -0.113384266    -0.001444186    -0.005785160
     67    -0.000587772     0.000162662    -0.000329071     -0.059227911    -0.001502207    -0.012656584
     68    -0.000046130    -0.000000053    -0.000385461     -0.005070980    -0.001526623    -0.014825439
     69     0.000495379    -0.000162414    -0.000319450      0.049082989    -0.001516492    -0.012286540
     70     0.001036783    -0.000324443    -0.000130896      0.103236209    -0.001473487    -0.005034479
     71    -0.001037183     0.000297500    -0.000149346     -0.104168467    -0.001500580    -0.005744080
     72    -0.000542494     0.000148510    -0.000328418     -0.054718781    -0.001564625    -0.012631462
     73    -0.000047915    -0.000000109    -0.000385329     -0.005268984    -0.001591625    -0.014820346
     74     0.000446478    -0.000148320    -0.000319839      0.044173891    -0.001579813    -0.012301513
     75     0.000940737    -0.000296163    -0.000131700      0.093614131    -0.001532019    -0.005065397
     76    -0.000944041     0.000269302    -0.000148034     -0.094862719    -0.001528665    -0.005693630
     77    -0.000496315     0.000134361    -0.000327611     -0.050110660    -0.001597117    -0.012600416
     78    -0.000048770    -0.000000160    -0.000385166     -0.005364663    -0.001625393    -0.014814079
     79     0.000398492    -0.000134222    -0.000320319      0.039365376    -0.001612591    -0.012319966
     80     0.000845537    -0.000267866    -0.000132685      0.084085368    -0.001561020    -0.005103285
     81    -0.000850017     0.000241141    -0.000146560     -0.085458761    -0.001523508    -0.005636905
     82    -0.000449156     0.000120301    -0.000326793     -0.045391849    -0.001587416    -0.012568946
     83    -0.000048652    -0.000000071    -0.000384995     -0.005348754    -0.001611756    -0.014807515
     84     0.000351489    -0.000120033    -0.000320780      0.034668040    -0.001602848    -0.012337685
     85     0.000751270    -0.000239530    -0.000133788      0.074660582    -0.001554855    -0.005145703
     86    -0.000754947     0.000213058    -0.000145238     -0.075937309    -0.001475423    -0.005586088
     87    -0.000401001     0.000106588    -0.000326458     -0.040552180    -0.001506817    -0.012556083
     88    -0.000047721     0.000000549    -0.000384865     -0.005225951    -0.001512932    -0.014802502
     89     0.000305418    -0.000105500    -0.000320797      0.030084431    -0.001524674    -0.012338347
     90     0.000658094    -0.000211118    -0.000134717      0.065358115    -0.001504387    -0.005181404
     91    -0.000658289     0.000185071    -0.000144956     -0.066238173    -0.001364395    -0.005575216
     92    -0.000351981     0.000093795    -0.000327860     -0.035587064    -0.001296599    -0.012610006
     93    -0.000046626     0.000002561    -0.000384855     -0.005039284    -0.001255646    -0.014802101
     94     0.000259919    -0.000090060    -0.000319233      0.025593528    -0.001327909    -0.012278198
     95     0.000566377    -0.000182623    -0.000134600      0.056218684    -0.001396676    -0.005176942
     96    -0.000558513     0.000157058    -0.000147587     -0.056197336    -0.001153354    -0.005676420
     97    -0.000302460     0.000082789    -0.000333433     -0.030508034    -0.000873548    -0.012824365
     98    -0.000046926     0.000007426    -0.000385130     -0.004911922    -0.000731003    -0.014812705
     99     0.000213986    -0.000072762    -0.000313726      0.021116139    -0.000941405    -0.012066386
    100     0.000476941    -0.000154099    -0.000131437      0.047330881    -0.001210589    -0.005055255
    101    -0.000452194     0.000128223    -0.000155637     -0.045464500    -0.000817092    -0.005986056
    102    -0.000252843     0.000073915    -0.000346341     -0.025348184    -0.000212966    -0.013320826
    103    -0.000051154     0.000016236    -0.000386554     -0.005086019     0.000097791    -0.014867460
    104     0.000165371    -0.000052091    -0.000300915      0.016455369    -0.000272504    -0.011573667
    105     0.000391325    -0.000126157    -0.000121144      0.038843730    -0.000962539    -0.004659373
    106    -0.000334340     0.000096189    -0.000167966     -0.033569554    -0.000451936    -0.006460247
    107    -0.000201741     0.000062746    -0.000367208     -0.020100828     0.000244394    -0.014123384
    108    -0.000061022     0.000027071    -0.000393362     -0.005813265     0.000963155    -0.015129312
    109     0.000110029    -0.000028272    -0.000279875      0.011159022     0.000520530    -0.010764411
    110     0.000310809    -0.000098009    -0.000097339      0.030923728    -0.000523747    -0.003743798
    111    -0.000204571     0.000057699    -0.000170272     -0.020578145    -0.000403515    -0.006548937
    112    -0.000142182     0.000034533    -0.000377979     -0.014485961    -0.000892481    -0.014537649
    113    -0.000066867     0.000017696    -0.000419029     -0.006764675    -0.000259822    -0.016116500
    114     0.000041404     0.000000144    -0.000269175      0.004554664     0.001380847    -0.010352876
    115     0.000234051    -0.000079926    -0.000045638      0.023085018    -0.001067098    -0.001755305
    116    -0.000081555     0.000014342    -0.000130610     -0.008489231    -0.001112603    -0.005023456
    117    -0.000068342    -0.000024893    -0.000324763     -0.008330738    -0.004988530    -0.012490882
    118    -0.000033141    -0.000063491    -0.000422979     -0.005734934    -0.008069608    -0.016268409
    119    -0.000008656    -0.000056998    -0.000354121     -0.002830263    -0.006548918    -0.013620032
    120     0.000126710    -0.000024476     0.000007149      0.013117300     0.001487577     0.000274966
    121    -0.000011204    -0.000010272    -0.000040357     -0.001569868    -0.001498120    -0.001552211
    122    -0.000002706    -0.000079006    -0.000152902     -0.002901948    -0.008771149    -0.005880860
    123     0.000035950    -0.000208879    -0.000225193     -0.002935543    -0.021768610    -0.008661278
    124     0.000073506    -0.000376837    -0.000275128     -0.004345626    -0.038987352    -0.010581831
    125     0.000175069    -0.000590523    -0.000161565     -0.000229462    -0.059121136    -0.006214050
