 Node            Displacements                Applied/reaction forces
number     1-direction     2-direction      1-direction     2-direction
     1     0.000000000     0.000000000      0.021973631     0.008694977
     2     0.000000000     0.000000000      0.001052738     0.008137111
     3     0.000000000     0.000000000     -0.023026369     0.008167912
     4    -0.041281800    -0.053057468      0.000000000     0.000000000
     5     0.000212640    -0.049403906      0.000000000     0.000000000
     6     0.043948907    -0.063365425      0.000000000    -0.010000000
     7    -0.058475350    -0.121537772      0.000000000     0.000000000
     8     0.002298232    -0.123381628      0.000000000     0.000000000
     9     0.063132927    -0.131768663      0.000000000    -0.010000000
    10    -0.061396444    -0.190934259      0.000000000     0.000000000
    11     0.003854981    -0.193116090      0.000000000     0.000000000
    12     0.069002720    -0.200910692      0.000000000    -0.005000000
                                            ___________     ___________
                              Summation     0.000000000     0.000000000

Element                    Element strain                                   Element Stress
number      1-direction     2-direction     3-direction      1-direction     2-direction     3-direction
      1    -0.010267290     0.000913391    -0.015241734     -0.010981618    -0.002381095    -0.005862205
      2     0.011040387    -0.003490380    -0.017258266      0.010981618    -0.000195894    -0.006637795
      3    -0.004032715     0.000509162    -0.010173550     -0.004263699    -0.000769947    -0.003912904
      4     0.005106221    -0.005586842    -0.009520441      0.003769416    -0.004456017    -0.003661708
      5    -0.000477143    -0.001001481    -0.003331677     -0.000854491    -0.001257828    -0.001281414
      6     0.001723598    -0.004045069    -0.003239310      0.000560524    -0.003876912    -0.001245889
