 Node            Displacements                Applied/reaction forces
number     1-direction     2-direction      1-direction     2-direction
     1     0.000000000     0.000000000      0.001816663     0.000480217
     2     0.000000000     0.000000000      0.001963278     0.000092646
     3     0.000000000     0.000000000      0.000622778     0.000026551
     4     0.000000000     0.000000000     -0.000611519     0.000031994
     5     0.000000000     0.000000000     -0.001956727     0.000107996
     6     0.000000000     0.000000000     -0.001834474     0.000485596
     7    -0.000072923    -0.000042644      0.000000000     0.000000000
     8    -0.000036844    -0.000025763      0.000000000     0.000000000
     9    -0.000011913    -0.000020363      0.000000000     0.000000000
    10     0.000011877    -0.000020623      0.000000000     0.000000000
    11     0.000036862    -0.000026617      0.000000000     0.000000000
    12     0.000073500    -0.000044448      0.000000000    -0.000050000
    13    -0.000137043    -0.000095952      0.000000000     0.000000000
    14    -0.000076569    -0.000081237      0.000000000     0.000000000
    15    -0.000024385    -0.000073601      0.000000000     0.000000000
    16     0.000024578    -0.000074041      0.000000000     0.000000000
    17     0.000076925    -0.000082616      0.000000000     0.000000000
    18     0.000137726    -0.000098273      0.000000000    -0.000050000
    19    -0.000196122    -0.000173217      0.000000000     0.000000000
    20    -0.000112677    -0.000159509      0.000000000     0.000000000
    21    -0.000036537    -0.000152749      0.000000000     0.000000000
    22     0.000037084    -0.000153259      0.000000000     0.000000000
    23     0.000113341    -0.000161030      0.000000000     0.000000000
    24     0.000196927    -0.000175723      0.000000000    -0.000050000
    25    -0.000250365    -0.000272550      0.000000000     0.000000000
    26    -0.000145484    -0.000260135      0.000000000     0.000000000
    27    -0.000047430    -0.000254081      0.000000000     0.000000000
    28     0.000048335    -0.000254599      0.000000000     0.000000000
    29     0.000146445    -0.000261677      0.000000000     0.000000000
    30     0.000251373    -0.000275087      0.000000000    -0.000050000
    31    -0.000299719    -0.000392281      0.000000000     0.000000000
    32    -0.000175254    -0.000381034      0.000000000     0.000000000
    33    -0.000057287    -0.000375590      0.000000000     0.000000000
    34     0.000058524    -0.000376102      0.000000000     0.000000000
    35     0.000176512    -0.000382561      0.000000000     0.000000000
    36     0.000300986    -0.000394808      0.000000000    -0.000050000
    37    -0.000344359    -0.000530420      0.000000000     0.000000000
    38    -0.000202190    -0.000520278      0.000000000     0.000000000
    39    -0.000066195    -0.000515385      0.000000000     0.000000000
    40     0.000067746    -0.000515891      0.000000000     0.000000000
    41     0.000203747    -0.000521791      0.000000000     0.000000000
    42     0.000345914    -0.000532934      0.000000000    -0.000050000
    43    -0.000384520    -0.000685115      0.000000000     0.000000000
    44    -0.000226441    -0.000676018      0.000000000     0.000000000
    45    -0.000074212    -0.000671646      0.000000000     0.000000000
    46     0.000076068    -0.000672148      0.000000000     0.000000000
    47     0.000228297    -0.000677523      0.000000000     0.000000000
    48     0.000386373    -0.000687621      0.000000000    -0.000050000
    49    -0.000420440    -0.000854621      0.000000000     0.000000000
    50    -0.000248150    -0.000846513      0.000000000     0.000000000
    51    -0.000081384    -0.000842634      0.000000000     0.000000000
    52     0.000083541    -0.000843135      0.000000000     0.000000000
    53     0.000250306    -0.000848014      0.000000000     0.000000000
    54     0.000422594    -0.000857123      0.000000000    -0.000050000
    55    -0.000452358    -0.001037290      0.000000000     0.000000000
    56    -0.000267458    -0.001030114      0.000000000     0.000000000
    57    -0.000087756    -0.001026701      0.000000000     0.000000000
    58     0.000090213    -0.001027201      0.000000000     0.000000000
    59     0.000269913    -0.001031614      0.000000000     0.000000000
    60     0.000454813    -0.001039790      0.000000000    -0.000050000
    61    -0.000480509    -0.001231569      0.000000000     0.000000000
    62    -0.000284505    -0.001225269      0.000000000     0.000000000
    63    -0.000093375    -0.001222293      0.000000000     0.000000000
    64     0.000096131    -0.001222793      0.000000000     0.000000000
    65     0.000287261    -0.001226769      0.000000000     0.000000000
    66     0.000483264    -0.001234069      0.000000000    -0.000050000
    67    -0.000505128    -0.001435998      0.000000000     0.000000000
    68    -0.000299433    -0.001430517      0.000000000     0.000000000
    69    -0.000098287    -0.001427951      0.000000000     0.000000000
    70     0.000101343    -0.001428451      0.000000000     0.000000000
    71     0.000302489    -0.001432017      0.000000000     0.000000000
    72     0.000508183    -0.001438498      0.000000000    -0.000050000
    73    -0.000526451    -0.001649212      0.000000000     0.000000000
    74    -0.000312383    -0.001644494      0.000000000     0.000000000
    75    -0.000102540    -0.001642310      0.000000000     0.000000000
    76     0.000105896    -0.001642810      0.000000000     0.000000000
    77     0.000315739    -0.001645994      0.000000000     0.000000000
    78     0.000529807    -0.001651712      0.000000000    -0.000050000
    79    -0.000544713    -0.001869939      0.000000000     0.000000000
    80    -0.000323497    -0.001865928      0.000000000     0.000000000
    81    -0.000106181    -0.001864097      0.000000000     0.000000000
    82     0.000109836    -0.001864597      0.000000000     0.000000000
    83     0.000327153    -0.001867428      0.000000000     0.000000000
    84     0.000548369    -0.001872439      0.000000000    -0.000050000
    85    -0.000560150    -0.002097003      0.000000000     0.000000000
    86    -0.000332916    -0.002093641      0.000000000     0.000000000
    87    -0.000109256    -0.002092135      0.000000000     0.000000000
    88     0.000113212    -0.002092635      0.000000000     0.000000000
    89     0.000336872    -0.002095141      0.000000000     0.000000000
    90     0.000564106    -0.002099503      0.000000000    -0.000050000
    91    -0.000572997    -0.002329320      0.000000000     0.000000000
    92    -0.000340781    -0.002326552      0.000000000     0.000000000
    93    -0.000111814    -0.002325342      0.000000000     0.000000000
    94     0.000116070    -0.002325842      0.000000000     0.000000000
    95     0.000345037    -0.002328052      0.000000000     0.000000000
    96     0.000577252    -0.002331820      0.000000000    -0.000050000
    97    -0.000583489    -0.002565902      0.000000000     0.000000000
    98    -0.000347233    -0.002563670      0.000000000     0.000000000
    99    -0.000113901    -0.002562729      0.000000000     0.000000000
   100     0.000118457    -0.002563229      0.000000000     0.000000000
   101     0.000351789    -0.002565170      0.000000000     0.000000000
   102     0.000588045    -0.002568402      0.000000000    -0.000050000
   103    -0.000591862    -0.002805853      0.000000000     0.000000000
   104    -0.000352413    -0.002804102      0.000000000     0.000000000
   105    -0.000115564    -0.002803401      0.000000000     0.000000000
   106     0.000120420    -0.002803901      0.000000000     0.000000000
   107     0.000357269    -0.002805602      0.000000000     0.000000000
   108     0.000596718    -0.002808353      0.000000000    -0.000050000
   109    -0.000598352    -0.003048373      0.000000000     0.000000000
   110    -0.000356464    -0.003047046      0.000000000     0.000000000
   111    -0.000116850    -0.003046557      0.000000000     0.000000000
   112     0.000122006    -0.003047057      0.000000000     0.000000000
   113     0.000361620    -0.003048546      0.000000000     0.000000000
   114     0.000603508    -0.003050873      0.000000000    -0.000050000
   115    -0.000603194    -0.003292756      0.000000000     0.000000000
   116    -0.000359526    -0.003291796      0.000000000     0.000000000
   117    -0.000117807    -0.003291491      0.000000000     0.000000000
   118     0.000123263    -0.003291991      0.000000000     0.000000000
   119     0.000364982    -0.003293296      0.000000000     0.000000000
   120     0.000608650    -0.003295256      0.000000000    -0.000050000
   121    -0.000606623    -0.003538390      0.000000000     0.000000000
   122    -0.000361740    -0.003537741      0.000000000     0.000000000
   123    -0.000118481    -0.003537591      0.000000000     0.000000000
   124     0.000124237    -0.003538091      0.000000000     0.000000000
   125     0.000367496    -0.003539241      0.000000000     0.000000000
   126     0.000612379    -0.003540890      0.000000000    -0.000050000
   127    -0.000608875    -0.003784756      0.000000000     0.000000000
   128    -0.000363248    -0.003784362      0.000000000     0.000000000
   129    -0.000118920    -0.003784339      0.000000000     0.000000000
   130     0.000124975    -0.003784839      0.000000000     0.000000000
   131     0.000369304    -0.003785862      0.000000000     0.000000000
   132     0.000614931    -0.003787256      0.000000000    -0.000050000
   133    -0.000610185    -0.004031430      0.000000000     0.000000000
   134    -0.000364190    -0.004031234      0.000000000     0.000000000
   135    -0.000119169    -0.004031312      0.000000000     0.000000000
   136     0.000125525    -0.004031812      0.000000000     0.000000000
   137     0.000370546    -0.004032734      0.000000000     0.000000000
   138     0.000616541    -0.004033930      0.000000000    -0.000050000
   139    -0.000610794    -0.004278079      0.000000000     0.000000000
   140    -0.000364704    -0.004278027      0.000000000     0.000000000
   141    -0.000119272    -0.004278187      0.000000000     0.000000000
   142     0.000125928    -0.004278687      0.000000000     0.000000000
   143     0.000371360    -0.004279527      0.000000000     0.000000000
   144     0.000617450    -0.004280579      0.000000000    -0.000050000
   145    -0.000610962    -0.004524475      0.000000000     0.000000000
   146    -0.000364915    -0.004524513      0.000000000     0.000000000
   147    -0.000119261    -0.004524735      0.000000000     0.000000000
   148     0.000126217    -0.004525235      0.000000000     0.000000000
   149     0.000371871    -0.004526013      0.000000000     0.000000000
   150     0.000617918    -0.004526975      0.000000000    -0.000050000
   151    -0.000610972    -0.004770592      0.000000000     0.000000000
   152    -0.000364951    -0.004770601      0.000000000     0.000000000
   153    -0.000119185    -0.004770758      0.000000000     0.000000000
   154     0.000126441    -0.004771258      0.000000000     0.000000000
   155     0.000372207    -0.004772101      0.000000000     0.000000000
   156     0.000618228    -0.004773092      0.000000000    -0.000025000
                                            ___________     ___________
                              Summation     0.000000000     0.000000000

Element                    Element strain                                   Element Stress
number      1-direction     2-direction     3-direction      1-direction     2-direction     3-direction
      1    -0.000274418     0.000042204    -0.000080818     -0.028764502    -0.004408952    -0.003108384
      2    -0.000121893     0.000013500    -0.000052987     -0.012949795    -0.002534988    -0.002037958
      3    -0.000000090    -0.000000650    -0.000042987     -0.000031289    -0.000074402    -0.001653347
      4     0.000121849    -0.000014987    -0.000055640      0.012895880     0.002370097    -0.002139981
      5     0.000275905    -0.000044577    -0.000086069      0.028849707     0.004197244    -0.003310329
      6    -0.000259639     0.000078994    -0.000030615     -0.025927577     0.000121079    -0.001177510
      7    -0.000130512     0.000032588    -0.000079024     -0.013267624    -0.000721487    -0.003039377
      8     0.000000558    -0.000001749    -0.000084763      0.000003662    -0.000173755    -0.003260104
      9     0.000131894    -0.000036427    -0.000080203      0.013293017     0.000345237    -0.003084737
     10     0.000260706    -0.000083717    -0.000030941      0.025889115    -0.000605010    -0.001190035
     11    -0.000238023     0.000071061    -0.000029123     -0.023813681    -0.000038022    -0.001120106
     12    -0.000120696     0.000035992    -0.000072779     -0.012076805    -0.000023864    -0.002799187
     13     0.000000843    -0.000002375    -0.000089470      0.000014370    -0.000233185    -0.003441162
     14     0.000122262    -0.000040865    -0.000072559      0.012088178    -0.000460045    -0.002790733
     15     0.000238994    -0.000075874    -0.000028649      0.023761764    -0.000458865    -0.001101898
     16    -0.000217716     0.000065315    -0.000029185     -0.021771580     0.000000070    -0.001122489
     17    -0.000109338     0.000032038    -0.000069470     -0.010958943    -0.000083911    -0.002671934
     18     0.000000807    -0.000002571    -0.000083234      0.000003932    -0.000255903    -0.003201290
     19     0.000110803    -0.000037121    -0.000069030      0.010952386    -0.000426361    -0.002655015
     20     0.000218791    -0.000070255    -0.000028687      0.021726882    -0.000507425    -0.001103338
     21    -0.000197942     0.000059162    -0.000028322     -0.019801505    -0.000024230    -0.001089302
     22    -0.000099195     0.000028748    -0.000066036     -0.009952816    -0.000111057    -0.002539857
     23     0.000000704    -0.000002574    -0.000078616     -0.000007460    -0.000259643    -0.003023699
     24     0.000100514    -0.000033842    -0.000065702      0.009929802    -0.000405297    -0.002527014
     25     0.000199072    -0.000064139    -0.000027946      0.019761616    -0.000485435    -0.001074853
     26    -0.000179115     0.000053481    -0.000026991     -0.017919867    -0.000027893    -0.001038110
     27    -0.000089782     0.000025843    -0.000062766     -0.009014152    -0.000119923    -0.002414090
     28     0.000000615    -0.000002544    -0.000074607     -0.000016250    -0.000259274    -0.002869504
     29     0.000090972    -0.000030897    -0.000062553      0.008978344    -0.000396202    -0.002405874
     30     0.000180236    -0.000058470    -0.000026716      0.017878598    -0.000483422    -0.001027535
     31    -0.000161241     0.000048105    -0.000025592     -0.016132944    -0.000029338    -0.000984305
     32    -0.000080883     0.000023164    -0.000059521     -0.008124588    -0.000120930    -0.002289252
     33     0.000000551    -0.000002519    -0.000070771     -0.000022495    -0.000258694    -0.002721962
     34     0.000081972    -0.000028186    -0.000059380      0.008078731    -0.000395016    -0.002283861
     35     0.000162316    -0.000053095    -0.000025373      0.016086557    -0.000483528    -0.000975903
     36    -0.000144317     0.000043021    -0.000024198     -0.014440716    -0.000030093    -0.000930692
     37    -0.000072448     0.000020631    -0.000056292     -0.007281148    -0.000121258    -0.002165080
     38     0.000000506    -0.000002507    -0.000066951     -0.000027003    -0.000258754    -0.002575019
     39     0.000073459    -0.000025636    -0.000056188      0.007227311    -0.000395373    -0.002161064
     40     0.000145334    -0.000048009    -0.000024009      0.014388114    -0.000484425    -0.000923419
     41    -0.000128332     0.000038219    -0.000022811     -0.012842436    -0.000030801    -0.000877339
     42    -0.000064472     0.000018234    -0.000053071     -0.006483775    -0.000121769    -0.002041195
     43     0.000000475    -0.000002501    -0.000063127     -0.000030304    -0.000259219    -0.002427978
     44     0.000065425    -0.000023231    -0.000052983      0.006423719    -0.000396029    -0.002037823
     45     0.000129298    -0.000043205    -0.000022641      0.012784210    -0.000485223    -0.000870789
     46    -0.000113282     0.000033699    -0.000021425     -0.011337646    -0.000031364    -0.000824032
     47    -0.000056959     0.000015975    -0.000049853     -0.005732585    -0.000122315    -0.001917408
     48     0.000000453    -0.000002500    -0.000059302     -0.000032628    -0.000259761    -0.002280856
     49     0.000057870    -0.000020970    -0.000049775      0.005668037    -0.000396623    -0.001914423
     50     0.000114210    -0.000038684    -0.000021272      0.011275225    -0.000485824    -0.000818144
     51    -0.000099166     0.000029461    -0.000020038     -0.009926160    -0.000031710    -0.000770687
     52    -0.000049908     0.000013856    -0.000046634     -0.005027596    -0.000122707    -0.001793624
     53     0.000000440    -0.000002500    -0.000055476     -0.000034043    -0.000260168    -0.002133704
     54     0.000050794    -0.000018851    -0.000046566      0.004960325    -0.000397026    -0.001790984
     55     0.000100072    -0.000034446    -0.000019904      0.009861311    -0.000486182    -0.000765521
     56    -0.000085984     0.000025506    -0.000018650     -0.008607935    -0.000031808    -0.000717296
     57    -0.000043319     0.000011878    -0.000043415     -0.004368802    -0.000122860    -0.001669816
     58     0.000000435    -0.000002500    -0.000051650     -0.000034563    -0.000260339    -0.001986537
     59     0.000044198    -0.000016874    -0.000043356      0.004300602    -0.000397180    -0.001667545
     60     0.000086884    -0.000030490    -0.000018536      0.008542506    -0.000486280    -0.000712922
     61    -0.000073735     0.000021832    -0.000017261     -0.007382995    -0.000031655    -0.000663878
     62    -0.000037194     0.000010041    -0.000040196     -0.003756221    -0.000122753    -0.001545988
     63     0.000000439    -0.000002500    -0.000047823     -0.000034212    -0.000260250    -0.001839363
     64     0.000038080    -0.000015037    -0.000040147      0.003688850    -0.000397070    -0.001544111
     65     0.000074646    -0.000026818    -0.000017169      0.007318781    -0.000486120    -0.000660336
     66    -0.000062420     0.000018442    -0.000015872     -0.006251400    -0.000031264    -0.000610456
     67    -0.000031532     0.000008346    -0.000036976     -0.003189906    -0.000122399    -0.001422151
     68     0.000000449    -0.000002500    -0.000043997     -0.000033039    -0.000259907    -0.001692185
     69     0.000032440    -0.000013342    -0.000036938      0.003125014    -0.000396710    -0.001420678
     70     0.000063358    -0.000023427    -0.000015801      0.006190076    -0.000485715    -0.000607748
     71    -0.000052040     0.000015333    -0.000014483     -0.005213241    -0.000030660    -0.000557050
     72    -0.000026334     0.000006792    -0.000033756     -0.002669938    -0.000121822    -0.001298320
     73     0.000000467    -0.000002500    -0.000040170     -0.000031125    -0.000259336    -0.001545006
     74     0.000027278    -0.000011788    -0.000033728      0.002609013    -0.000396123    -0.001297238
     75     0.000053018    -0.000020320    -0.000014434      0.005156299    -0.000485091    -0.000555144
     76    -0.000042597     0.000012507    -0.000013096     -0.004268629    -0.000029874    -0.000503676
     77    -0.000021601     0.000005379    -0.000030537     -0.002196428    -0.000121056    -0.001174504
     78     0.000000490    -0.000002500    -0.000036344     -0.000028578    -0.000258573    -0.001397829
     79     0.000022593    -0.000010376    -0.000030518      0.002140736    -0.000395346    -0.001173787
     80     0.000043626    -0.000017495    -0.000013065      0.004217337    -0.000484281    -0.000502513
     81    -0.000034090     0.000009964    -0.000011709     -0.003417696    -0.000028944    -0.000450348
     82    -0.000017335     0.000004107    -0.000027319     -0.001769505    -0.000120140    -0.001050712
     83     0.000000518    -0.000002500    -0.000032517     -0.000025528    -0.000257659    -0.001250656
     84     0.000018384    -0.000009104    -0.000027308      0.001720052    -0.000394417    -0.001050320
     85     0.000035181    -0.000014952    -0.000011696      0.003373059    -0.000483323    -0.000449846
     86    -0.000026522     0.000007703    -0.000010324     -0.002660588    -0.000027914    -0.000397076
     87    -0.000013536     0.000002977    -0.000024101     -0.001389318    -0.000119119    -0.000926950
     88     0.000000549    -0.000002500    -0.000028691     -0.000022123    -0.000256637    -0.001103488
     89     0.000014648    -0.000007974    -0.000024098      0.001346813    -0.000393383    -0.000926836
     90     0.000027680    -0.000012693    -0.000010326      0.002623314    -0.000482263    -0.000397136
     91    -0.000019894     0.000005724    -0.000008941     -0.001997467    -0.000026827    -0.000343871
     92    -0.000010206     0.000001988    -0.000020884     -0.001056031    -0.000118036    -0.000803223
     93     0.000000581    -0.000002500    -0.000024864     -0.000018525    -0.000255558    -0.000956322
     94     0.000011386    -0.000006986    -0.000020887      0.001020862    -0.000392295    -0.000803331
     95     0.000021123    -0.000010715    -0.000008954      0.001967941    -0.000481149    -0.000344381
     96    -0.000014208     0.000004028    -0.000007559     -0.001428498    -0.000025735    -0.000290747
     97    -0.000007347     0.000001140    -0.000017668     -0.000769827    -0.000116944    -0.000679532
     98     0.000000614    -0.000002500    -0.000021038     -0.000014905    -0.000254472    -0.000809153
     99     0.000008594    -0.000006138    -0.000017675      0.000742035    -0.000391206    -0.000679800
    100     0.000015508    -0.000009021    -0.000007581      0.001406764    -0.000480033    -0.000291584
    101    -0.000009464     0.000002614    -0.000006180     -0.000953859    -0.000024720    -0.000237695
    102    -0.000004961     0.000000433    -0.000014453     -0.000530890    -0.000115967    -0.000555871
    103     0.000000646    -0.000002500    -0.000017212     -0.000011443    -0.000253433    -0.000662016
    104     0.000006272    -0.000005431    -0.000014462      0.000510158    -0.000390098    -0.000556238
    105     0.000010833    -0.000007608    -0.000006207      0.000939602    -0.000478938    -0.000238730
    106    -0.000005666     0.000001481    -0.000004797     -0.000573826    -0.000024064    -0.000184508
    107    -0.000003045    -0.000000139    -0.000011239     -0.000339216    -0.000115616    -0.000432257
    108     0.000000674    -0.000002500    -0.000013398     -0.000008307    -0.000252492    -0.000515294
    109     0.000004414    -0.000004860    -0.000011249      0.000324848    -0.000388571    -0.000432667
    110     0.000007096    -0.000006476    -0.000004826      0.000566338    -0.000477696    -0.000185609
    111    -0.000002818     0.000000621    -0.000003381     -0.000289225    -0.000024637    -0.000130035
    112    -0.000001584    -0.000000594    -0.000008032     -0.000193609    -0.000117485    -0.000308916
    113     0.000000699    -0.000002500    -0.000009641     -0.000005597    -0.000251679    -0.000370806
    114     0.000003001    -0.000004405    -0.000008043      0.000184526    -0.000385141    -0.000309350
    115     0.000004299    -0.000005618    -0.000003408      0.000287235    -0.000475605    -0.000131068
    116    -0.000000944     0.000000036    -0.000001852     -0.000102575    -0.000027146    -0.000071226
    117    -0.000000526    -0.000000952    -0.000004862     -0.000089157    -0.000121978    -0.000186983
    118     0.000000720    -0.000002500    -0.000006044     -0.000003283    -0.000250985    -0.000232475
    119     0.000001978    -0.000004047    -0.000004872      0.000083977    -0.000379500    -0.000187391
    120     0.000002453    -0.000005034    -0.000001872      0.000103651    -0.000472313    -0.000071998
    121    -0.000000111    -0.000000117    -0.000000344     -0.000016017    -0.000016542    -0.000013221
    122     0.000000090    -0.000000948    -0.000001738     -0.000021392    -0.000101203    -0.000066837
    123     0.000000733    -0.000002500    -0.000002360     -0.000001824    -0.000250547    -0.000090756
    124     0.000001385    -0.000004053    -0.000001722      0.000018572    -0.000399722    -0.000066222
    125     0.000001616    -0.000004883    -0.000000338      0.000016641    -0.000483340    -0.000013000
