 Node            Displacements                Applied/reaction forces
number     1-direction     2-direction      1-direction     2-direction
     1     0.000000000     0.000000000      0.010000000     0.004431783
     2     0.000000000     0.000000000     -0.030000000    -0.004431783
     3     0.103490966     0.008427638      0.000000000     0.000000000
     4    -0.026059698    -0.048689295      0.000000000     0.000000000
     5     0.033270364    -0.054220299      0.000000000     0.000000000
     6     0.102103996    -0.066097130      0.000000000     0.000000000
     7    -0.031981799    -0.124218999      0.000000000     0.000000000
     8     0.047436243    -0.125859168      0.010000000     0.000000000
     9     0.123259348    -0.130694531      0.010000000     0.000000000
                                            ___________     ___________
                              Summation     0.000000000     0.000000000

Element                    Element strain                                   Element Stress
number      1-direction     2-direction     3-direction      1-direction     2-direction     3-direction
      1     0.003605333    -0.002765502    -0.021789766      0.003050200    -0.001850442    -0.008380679
      2     0.015941697    -0.001724597     0.021789766      0.016949800     0.003360343     0.008380679
      3     0.003143820    -0.003686981    -0.004923163      0.002239259    -0.003015203    -0.001893524
      4     0.017281644    -0.008121825     0.004060986      0.016313293    -0.003227837     0.001561918
