 Node            Displacements                Applied/reaction forces
number     1-direction     2-direction      1-direction     2-direction
     1     0.000000000     0.000000000      0.005315822     0.001341881
     2     0.000000000     0.000000000      0.009368357     0.000000000
     3     0.000000000     0.000000000      0.005315822    -0.001341881
     4    -0.009900132    -0.003092387      0.000000000     0.000000000
     5    -0.009227584     0.000000000      0.000000000     0.000000000
     6    -0.009900132     0.003092387      0.000000000     0.000000000
     7    -0.019597273    -0.003069267      0.000000000     0.000000000
     8    -0.019578939     0.000000000      0.000000000     0.000000000
     9    -0.019597273     0.003069267      0.000000000     0.000000000
    10    -0.029581883    -0.002992930     -0.005000000     0.000000000
    11    -0.029612989     0.000000000     -0.010000000     0.000000000
    12    -0.029581883     0.002992930     -0.005000000     0.000000000
                                            ___________     ___________
                              Summation     0.000000000     0.000000000

Element                    Element strain                                   Element Stress
number      1-direction     2-direction     3-direction      1-direction     2-direction     3-direction
      1    -0.004781929     0.000773097    -0.000604960     -0.005000000    -0.000726903    -0.000232677
      2    -0.004781929     0.000773097     0.000604960     -0.005000000    -0.000726903     0.000232677
      3    -0.005011618     0.001540471     0.000180138     -0.004999425     0.000040643     0.000069284
      4    -0.005012124     0.001540467    -0.000180010     -0.004999982     0.000040472    -0.000069234
      5    -0.005004627     0.001515923     0.000016192     -0.004999835     0.000015973     0.000006228
      6    -0.005004665     0.001515923    -0.000016133     -0.004999877     0.000015960    -0.000006205
