 Node            Displacements                Applied/reaction forces
number     1-direction     2-direction      1-direction     2-direction
     1     0.000000000     2.000000000      0.099958013     0.802886723
     2     0.000000000     0.000000000     -0.219916027    -0.713870102
     3     0.000000000     0.000000000      0.099958013    -0.089016621
     4     0.212479999     0.466060854      0.000000000     0.000000000
     5     0.266699578     0.675526415      0.000000000     0.000000000
     6    -0.126101133     0.521467449      0.000000000     0.000000000
     7     0.292569758     0.735662790      0.000000000     0.000000000
     8     0.159932528     0.721628738      0.000000000     0.000000000
     9     0.015109342     0.775702414      0.000000000     0.000000000
    10     0.312253167     0.879033935      0.005000000     0.000000000
    11     0.158616762     0.885656102      0.010000000     0.000000000
    12     0.025655317     0.868334807      0.005000000     0.000000000
                                            ___________     ___________
                              Summation     0.000000000     0.000000000

Element                    Element strain                                   Element Stress
number      1-direction     2-direction     3-direction      1-direction     2-direction     3-direction
      1     0.146904684    -0.447633610     0.903684492      0.013862199    -0.443474950     0.347570959
      2     0.035149611    -0.038514741     0.201048288      0.025928779    -0.030736108     0.077326265
      3    -0.028440984     0.036985578     0.023354713     -0.019060781     0.031267344     0.008982582
      4     0.050489699    -0.011119100    -0.007638003      0.051817548     0.004426164    -0.002937693
      5     0.000729833    -0.000342125     0.007544290      0.000689226    -0.000135357     0.002901650
      6     0.004447495     0.006333501    -0.017687115      0.006975325     0.008426098    -0.006802736
