 Node            Displacements                Applied/reaction forces
number     1-direction     2-direction      1-direction     2-direction
     1     0.000000000     0.000000000      4.827527382     1.313938253
     2     0.000000000     0.000000000      5.547927903     0.388409336
     3     0.000000000     0.000000000      2.600439299     0.156887221
     4     0.000000000     0.000000000     -0.013986652     0.054669530
     5     0.000000000     0.000000000     -2.627455307     0.133793798
     6     0.000000000     0.000000000     -5.559678676     0.343418561
     7     0.000000000     0.000000000     -4.774773949     1.296383177
     8    -0.012637286    -0.007534559      0.000000000    -0.124999875
     9    -0.006971431    -0.004427029      0.000000000     0.000000000
    10    -0.003338368    -0.003243453      0.000000000     0.000000000
    11     0.000005421    -0.002899383      0.000000000     0.000000000
    12     0.003345452    -0.003167175      0.000000000     0.000000000
    13     0.006966097    -0.004256912      0.000000000     0.000000000
    14     0.012524357    -0.007205934      0.000000000     0.000000000
    15    -0.023623066    -0.015709344      0.000000000    -0.124999875
    16    -0.014567316    -0.012924973      0.000000000     0.000000000
    17    -0.006918124    -0.011169746      0.000000000     0.000000000
    18    -0.000009600    -0.010591810      0.000000000     0.000000000
    19     0.006891408    -0.011035853      0.000000000     0.000000000
    20     0.014505191    -0.012640089      0.000000000     0.000000000
    21     0.023490718    -0.015269155      0.000000000     0.000000000
    22    -0.033871532    -0.027132726      0.000000000    -0.125000250
    23    -0.021587228    -0.024469563      0.000000000     0.000000000
    24    -0.010482869    -0.022803618      0.000000000     0.000000000
    25    -0.000036345    -0.022178746      0.000000000     0.000000000
    26     0.010400222    -0.022640826      0.000000000     0.000000000
    27     0.021475813    -0.024142392      0.000000000     0.000000000
    28     0.033724348    -0.026643697      0.000000000     0.000000000
    29    -0.043469119    -0.041693116      0.000000000    -0.124999875
    30    -0.028078836    -0.039217707      0.000000000     0.000000000
    31    -0.013783570    -0.037667150      0.000000000     0.000000000
    32    -0.000066876    -0.037087464      0.000000000     0.000000000
    33     0.013642808    -0.037495977      0.000000000     0.000000000
    34     0.027920458    -0.038877647      0.000000000     0.000000000
    35     0.043295186    -0.041188915      0.000000000     0.000000000
    36    -0.052389165    -0.059268955      0.000000000    -0.124999875
    37    -0.034082266    -0.056968143      0.000000000     0.000000000
    38    -0.016822402    -0.055534326      0.000000000     0.000000000
    39    -0.000096438    -0.054994474      0.000000000     0.000000000
    40     0.016625570    -0.055362547      0.000000000     0.000000000
    41     0.033876510    -0.056627158      0.000000000     0.000000000
    42     0.052177990    -0.058762278      0.000000000     0.000000000
    43    -0.060636010    -0.079637252      0.000000000    -0.125001375
    44    -0.039625908    -0.077505100      0.000000000     0.000000000
    45    -0.019622123    -0.076175989      0.000000000     0.000000000
    46    -0.000124245    -0.075673164      0.000000000     0.000000000
    47     0.019371768    -0.076005764      0.000000000     0.000000000
    48     0.039371756    -0.077166411      0.000000000     0.000000000
    49     0.060380759    -0.079132175      0.000000000     0.000000000
    50    -0.068228332    -0.102576145      0.000000000    -0.124998750
    51    -0.044730946    -0.100605094      0.000000000     0.000000000
    52    -0.022199157    -0.099373962      0.000000000     0.000000000
    53    -0.000150677    -0.098904704      0.000000000     0.000000000
    54     0.021897076    -0.099205304      0.000000000     0.000000000
    55     0.044427609    -0.100268755      0.000000000     0.000000000
    56     0.067925340    -0.102073148      0.000000000     0.000000000
    57    -0.075190670    -0.127867925      0.000000000    -0.124998750
    58    -0.049415666    -0.126051073      0.000000000     0.000000000
    59    -0.024564959    -0.124912828      0.000000000     0.000000000
    60    -0.000176291    -0.124475037      0.000000000     0.000000000
    61     0.024212177    -0.124745222      0.000000000     0.000000000
    62     0.049062679    -0.125716317      0.000000000     0.000000000
    63     0.074838275    -0.127366441      0.000000000     0.000000000
    64    -0.081550581    -0.155309586      0.000000000    -0.125002500
    65    -0.053698826    -0.153640065      0.000000000     0.000000000
    66    -0.026729650    -0.152590349      0.000000000     0.000000000
    67    -0.000201498    -0.152182305      0.000000000     0.000000000
    68     0.026326652    -0.152423317      0.000000000     0.000000000
    69     0.053295954    -0.153306176      0.000000000     0.000000000
    70     0.081148166    -0.154808972      0.000000000     0.000000000
    71    -0.087334890    -0.184702974      0.000000000    -0.124998750
    72    -0.057598308    -0.183173935      0.000000000     0.000000000
    73    -0.028702402    -0.182208558      0.000000000     0.000000000
    74    -0.000226534    -0.181828733      0.000000000     0.000000000
    75     0.028249381    -0.182041791      0.000000000     0.000000000
    76     0.057145453    -0.182840447      0.000000000     0.000000000
    77     0.086882309    -0.184202780      0.000000000     0.000000000
    78    -0.092570680    -0.215858738      0.000000000    -0.124998750
    79    -0.061132130    -0.214463327      0.000000000     0.000000000
    80    -0.030492301    -0.213578141      0.000000000     0.000000000
    81    -0.000251515    -0.213225084      0.000000000     0.000000000
    82     0.029989316    -0.213411472      0.000000000     0.000000000
    83     0.060629267    -0.214129991      0.000000000     0.000000000
    84     0.092067953    -0.215358714      0.000000000     0.000000000
    85    -0.097285950    -0.248602394      0.000000000    -0.125002500
    86    -0.064318978    -0.247333760      0.000000000     0.000000000
    87    -0.032108714    -0.246524639      0.000000000     0.000000000
    88    -0.000276489    -0.246196949      0.000000000     0.000000000
    89     0.031555764    -0.246357996      0.000000000     0.000000000
    90     0.063766099    -0.247000462      0.000000000     0.000000000
    91     0.096733127    -0.248102421      0.000000000     0.000000000
    92    -0.101507805    -0.282763046      0.000000000    -0.124998750
    93    -0.067176896    -0.281614332      0.000000000     0.000000000
    94    -0.033560669    -0.280877164      0.000000000     0.000000000
    95    -0.000301470    -0.280573456      0.000000000     0.000000000
    96     0.032957743    -0.280710519      0.000000000     0.000000000
    97     0.066574004    -0.281281033      0.000000000     0.000000000
    98     0.100904932    -0.282263076      0.000000000     0.000000000
    99    -0.105263464    -0.318178620      0.000000000    -0.124998750
   100    -0.069724011    -0.317142971      0.000000000     0.000000000
   101    -0.034857228    -0.316473637      0.000000000     0.000000000
   102    -0.000326458    -0.316192538      0.000000000     0.000000000
   103     0.034204319    -0.316306985      0.000000000     0.000000000
   104     0.069071115    -0.316809660      0.000000000     0.000000000
   105     0.104610571    -0.317678641      0.000000000     0.000000000
   106    -0.108580772    -0.354702611      0.000000000    -0.125002500
   107    -0.071978907    -0.353773175      0.000000000     0.000000000
   108    -0.036007683    -0.353167567      0.000000000     0.000000000
   109    -0.000351453    -0.352907707      0.000000000     0.000000000
   110     0.035304779    -0.353000908      0.000000000     0.000000000
   111     0.071276007    -0.353439854      0.000000000     0.000000000
   112     0.107877870    -0.354202622      0.000000000     0.000000000
   113    -0.111486917    -0.392191297      0.000000000    -0.124998750
   114    -0.073959695    -0.391361223      0.000000000     0.000000000
   115    -0.037021085    -0.390815231      0.000000000     0.000000000
   116    -0.000376451    -0.390575241      0.000000000     0.000000000
   117     0.036268183    -0.390648567      0.000000000     0.000000000
   118     0.073206793    -0.391027895      0.000000000     0.000000000
   119     0.110734012    -0.391691303      0.000000000     0.000000000
   120    -0.114009178    -0.430509870      0.000000000    -0.124998750
   121    -0.075684552    -0.429772302      0.000000000     0.000000000
   122    -0.037906522    -0.429281812      0.000000000     0.000000000
   123    -0.000401450    -0.429060323      0.000000000     0.000000000
   124     0.037103623    -0.429115146      0.000000000     0.000000000
   125     0.074881651    -0.429438971      0.000000000     0.000000000
   126     0.113206276    -0.430009872      0.000000000     0.000000000
   127    -0.116175255    -0.469539589      0.000000000    -0.125002500
   128    -0.077171961    -0.468887676      0.000000000     0.000000000
   129    -0.038673236    -0.468448579      0.000000000     0.000000000
   130    -0.000426450    -0.468244221      0.000000000     0.000000000
   131     0.037820336    -0.468281913      0.000000000     0.000000000
   132     0.076319059    -0.468554344      0.000000000     0.000000000
   133     0.115322352    -0.469039589      0.000000000     0.000000000
   134    -0.118012403    -0.509163960      0.000000000    -0.124998750
   135    -0.078440084    -0.508590851      0.000000000     0.000000000
   136    -0.039330307    -0.508199036      0.000000000     0.000000000
   137    -0.000451451    -0.508010438      0.000000000     0.000000000
   138     0.038427406    -0.508032369      0.000000000     0.000000000
   139     0.077537182    -0.508257518      0.000000000     0.000000000
   140     0.117109500    -0.508663960      0.000000000     0.000000000
   141    -0.119547954    -0.549275487      0.000000000    -0.124998750
   142    -0.079507137    -0.548774328      0.000000000     0.000000000
   143    -0.039886842    -0.548425682      0.000000000     0.000000000
   144    -0.000476450    -0.548251473      0.000000000     0.000000000
   145     0.038933942    -0.548259015      0.000000000     0.000000000
   146     0.078554237    -0.548440994      0.000000000     0.000000000
   147     0.118595054    -0.548775487      0.000000000     0.000000000
   148    -0.120809495    -0.589783054      0.000000000    -0.125002500
   149    -0.080391522    -0.589346993      0.000000000     0.000000000
   150    -0.040352043    -0.589037406      0.000000000     0.000000000
   151    -0.000501451    -0.588876217      0.000000000     0.000000000
   152     0.039349142    -0.588870738      0.000000000     0.000000000
   153     0.079388621    -0.589013660      0.000000000     0.000000000
   154     0.119806594    -0.589283054      0.000000000     0.000000000
   155    -0.121824339    -0.630597463      0.000000000    -0.124998750
   156    -0.081111443    -0.630219647      0.000000000     0.000000000
   157    -0.040735013    -0.629945006      0.000000000     0.000000000
   158    -0.000526451    -0.629795466      0.000000000     0.000000000
   159     0.039682111    -0.629778339      0.000000000     0.000000000
   160     0.080058541    -0.629886314      0.000000000     0.000000000
   161     0.120771436    -0.630097462      0.000000000     0.000000000
   162    -0.122619854    -0.671638578      0.000000000    -0.124998750
   163    -0.081685145    -0.671312155      0.000000000     0.000000000
   164    -0.041044875    -0.671068346      0.000000000     0.000000000
   165    -0.000551450    -0.670929082      0.000000000     0.000000000
   166     0.039941974    -0.670901679      0.000000000     0.000000000
   167     0.080582244    -0.670978822      0.000000000     0.000000000
   168     0.121516954    -0.671138578      0.000000000     0.000000000
   169    -0.123223536    -0.712842798      0.000000000    -0.125002500
   170    -0.082130973    -0.712560917      0.000000000     0.000000000
   171    -0.041290804    -0.712343832      0.000000000     0.000000000
   172    -0.000576451    -0.712213477      0.000000000     0.000000000
   173     0.040137903    -0.712177165      0.000000000     0.000000000
   174     0.080978071    -0.712227584      0.000000000     0.000000000
   175     0.122070634    -0.712342798      0.000000000     0.000000000
   176    -0.123662733    -0.754148239      0.000000000    -0.124998750
   177    -0.082467167    -0.753904058      0.000000000     0.000000000
   178    -0.041481905    -0.753709622      0.000000000     0.000000000
   179    -0.000601451    -0.753586830      0.000000000     0.000000000
   180     0.040279003    -0.753542955      0.000000000     0.000000000
   181     0.081264265    -0.753570725      0.000000000     0.000000000
   182     0.122459831    -0.753648239      0.000000000     0.000000000
   183    -0.123964883    -0.795502048      0.000000000    -0.124998750
   184    -0.082711977    -0.795288760      0.000000000     0.000000000
   185    -0.041627201    -0.795113041      0.000000000     0.000000000
   186    -0.000626450    -0.794996561      0.000000000     0.000000000
   187     0.040374300    -0.794946374      0.000000000     0.000000000
   188     0.081459077    -0.794955427      0.000000000     0.000000000
   189     0.122711983    -0.795002048      0.000000000     0.000000000
   190    -0.124157776    -0.836867813      0.000000000    -0.125002500
   191    -0.082883564    -0.836678689      0.000000000     0.000000000
   192    -0.041735373    -0.836518193      0.000000000     0.000000000
   193    -0.000651451    -0.836407031      0.000000000     0.000000000
   194     0.040432472    -0.836351526      0.000000000     0.000000000
   195     0.081580663    -0.836345356      0.000000000     0.000000000
   196     0.122854875    -0.836367813      0.000000000     0.000000000
   197    -0.124270339    -0.878211018      0.000000000    -0.124998750
   198    -0.082999544    -0.878039367      0.000000000     0.000000000
   199    -0.041814119    -0.877891280      0.000000000     0.000000000
   200    -0.000676451    -0.877784802      0.000000000     0.000000000
   201     0.040461217    -0.877724613      0.000000000     0.000000000
   202     0.081646642    -0.877706034      0.000000000     0.000000000
   203     0.122917437    -0.877711018      0.000000000     0.000000000
   204    -0.124334584    -0.919509401      0.000000000    -0.124998750
   205    -0.083076280    -0.919347614      0.000000000     0.000000000
   206    -0.041870044    -0.919207737      0.000000000     0.000000000
   207    -0.000701450    -0.919104117      0.000000000     0.000000000
   208     0.040467144    -0.919041070      0.000000000     0.000000000
   209     0.081673380    -0.919014281      0.000000000     0.000000000
   210     0.122931684    -0.919009401      0.000000000     0.000000000
   211    -0.124384188    -0.960773397      0.000000000    -0.062501250
   212    -0.083131226    -0.960606347      0.000000000     0.000000000
   213    -0.041913283    -0.960453659      0.000000000     0.000000000
   214    -0.000726451    -0.960343304      0.000000000     0.000000000
   215     0.040460381    -0.960286992      0.000000000     0.000000000
   216     0.081678325    -0.960273014      0.000000000     0.000000000
   217     0.122931287    -0.960273397      0.000000000     0.000000000
                                            ___________     ___________
                              Summation     0.000000000     0.000000000

Element                    Element strain                                   Element Stress
number      1-direction     2-direction     3-direction      1-direction     2-direction     3-direction
      1    -0.058826033     0.009322569    -0.018887159   -184.711854639   -27.445850237   -21.792875418
      2    -0.030929334     0.003550744    -0.012112170    -98.453113180   -18.883703092   -13.975580505
      3    -0.009998821     0.001032207    -0.008397124    -31.942282073    -6.486062213    -9.688989268
      4     0.010052598    -0.000803375    -0.008179567     32.345886079     7.293639377    -9.437962056
      5     0.030934585    -0.003269224    -0.011410240     98.748848468    19.816981987   -13.165661094
      6     0.058471244    -0.008847047    -0.017713726    184.012517120    28.662612837   -20.438914506
      7    -0.056664707     0.017822684    -0.007308215   -169.179897395     2.714081872    -8.432556123
      8    -0.034167127     0.008672978    -0.016525057   -104.061208903    -5.199428275   -19.067373689
      9    -0.011200609     0.002737906    -0.016555189    -34.217266644    -2.051462562   -19.102140964
     10     0.010221159    -0.002135539    -0.015941355     31.584059036     3.068602107   -18.393871212
     11     0.032799989    -0.008143914    -0.014512750    100.077410134     5.591481606   -16.745480423
     12     0.054991362    -0.016653992    -0.004897660    164.819222301    -0.516209059    -5.651146110
     13    -0.053630887     0.016445647    -0.007560845   -160.540196943     1.174880675    -8.724051859
     14    -0.033361595     0.010310382    -0.015044803    -99.786199705     0.995284781   -17.359388465
     15    -0.012197112     0.003596727    -0.018497264    -36.653057959    -0.205736830   -21.342996674
     16     0.009098065    -0.002718361    -0.017557312     27.305132738     0.036457701   -20.258437010
     17     0.030062901    -0.009291969    -0.012435290     89.918605109    -0.900326025   -14.348411545
     18     0.050127851    -0.015324368    -0.003282588    150.100682379    -0.942900192    -3.787601687
     19    -0.051301331     0.015644624    -0.008505774   -153.652561714     0.838103858    -9.814354891
     20    -0.032187757     0.009739218    -0.015013812    -96.481292491     0.273264853   -17.323629706
     21    -0.012678244     0.003630717    -0.018024074    -38.205589613    -0.569524836   -20.797008053
     22     0.007022785    -0.002611844    -0.016899871     20.568894972    -1.664863865   -19.499851628
     23     0.026451724    -0.008604851    -0.011609856     78.693192649    -2.206595782   -13.395987631
     24     0.045329306    -0.014290769    -0.002719840    135.303543074    -2.281245482    -3.138276706
     25    -0.049148318     0.014601861    -0.009190032   -147.586020011    -0.470223591   -10.603883159
     26    -0.031312461     0.009071161    -0.015019428    -94.256415231    -1.063441400   -17.330108790
     27    -0.013285850     0.003378371    -0.017434410    -40.458258309    -2.002363468   -20.116627407
     28     0.004837728    -0.002329848    -0.016087522     13.644308082    -2.896252629   -18.562524953
     29     0.022803008    -0.007881382    -0.010960219     67.379977819    -3.430152593   -12.646406436
     30     0.040420470    -0.013162083    -0.002245365    120.236850873    -3.415192969    -2.590805709
     31    -0.047139129     0.013616961    -0.009503130   -141.936397087    -1.730035575   -10.965149662
     32    -0.030657428     0.008417286    -0.014896174    -92.743655157    -2.571238630   -17.187893236
     33    -0.014024256     0.003150446    -0.016894157    -43.117984253    -3.484056121   -19.493258078
     34     0.002663203    -0.002102134    -0.015391489      6.700756051    -4.296176570   -17.759410658
     35     0.019245276    -0.007213579    -0.010355772     56.311655378    -4.747240533   -11.948967761
     36     0.035574489    -0.012096088    -0.001839273    105.315372236    -4.693652529    -2.122238322
     37    -0.045222060     0.012661241    -0.009559214   -136.561607159    -2.984758485   -11.029861773
     38    -0.030099240     0.007820529    -0.014616741    -91.493675525    -3.986515641   -16.865470960
     39    -0.014804694     0.002939951    -0.016356573    -45.899040128    -4.949857598   -18.872969081
     40     0.000545089    -0.001899736    -0.014757993     -0.081862720    -5.723767179   -17.028453379
     41     0.015819045    -0.006604538    -0.009812013     45.618737602    -6.127992435   -11.321553133
     42     0.030887037    -0.011081729    -0.001528128     90.865445899    -5.985552503    -1.763224756
     43    -0.043353549     0.011742445    -0.009427601   -131.310380078    -4.165778445   -10.878000938
     44    -0.029551399     0.007257746    -0.014210515    -90.244205154    -5.300024947   -16.396748322
     45    -0.015546789     0.002746290    -0.015780271    -48.537040373    -6.322242002   -18.208005552
     46    -0.001465855    -0.001712516    -0.014149492     -6.526187245    -7.095404644   -16.326337296
     47     0.012565467    -0.006030855    -0.009325839     35.460033876    -7.454553883   -10.760583983
     48     0.026422734    -0.010116784    -0.001322511     77.102304192    -7.219661092    -1.525974671
     49    -0.041488157     0.010857893    -0.009151877   -126.035568339    -5.236991420   -10.559857844
     50    -0.028956284     0.006721397    -0.013702846    -88.812741331    -6.479632648   -15.810976063
     51    -0.016190314     0.002563810    -0.015159108    -50.839024331    -7.560277610   -17.491277921
     52    -0.003320241    -0.001533774    -0.013547523    -12.462769119    -8.340153176   -15.631757469
     53     0.009527854    -0.005484976    -0.008889961     25.985807074    -8.659186044   -10.257647259
     54     0.022230748    -0.009198528    -0.001209770     64.190736247    -8.338363037    -1.395888962
     55    -0.039588903     0.010008083    -0.008761521   -120.614764392    -6.160179901   -10.109447696
     56    -0.028272997     0.006208340    -0.013114908    -87.067567120    -7.495249395   -15.132586658
     57    -0.016692302     0.002390759    -0.014497797    -52.665080498    -8.627246189   -16.728227282
     58    -0.004977758    -0.001362410    -0.012946557    -17.757629254    -9.414518496   -14.938334925
     59     0.006743859    -0.004964765    -0.008493839     17.322294372    -9.697606237    -9.800583082
     60     0.018349194    -0.008325877    -0.001173148     52.257464718    -9.300390134    -1.353632322
     61    -0.037627221     0.009193479    -0.008280651   -114.953332518    -6.905563319    -9.554597763
     62    -0.027472197     0.005717997    -0.012463958    -84.912521553    -8.319765098   -14.381490172
     63    -0.017022292     0.002226304    -0.013803860    -53.915607969    -9.495771831   -15.927531188
     64    -0.006408213    -0.001198553    -0.012344723    -22.311358809   -10.289067345   -14.243910913
     65     0.004242851    -0.004470041    -0.008128057      9.566502685   -10.540172320    -9.378527357
     66     0.014807101    -0.007498276    -0.001195959     41.398742394   -10.075204336    -1.379952121
     67    -0.035582856     0.008414598    -0.007730427   -108.983989711    -7.451402176    -8.919723392
     68    -0.026534126     0.005250342    -0.011764627    -82.282493719    -8.933723009   -13.574569725
     69    -0.017160067     0.002070081    -0.013084366    -54.524317432   -10.147052377   -15.097345177
     70    -0.007591328    -0.001042534    -0.011741254    -26.057434252   -10.944833441   -13.547600542
     71     0.002044790    -0.004000864    -0.007784333      2.784166508   -11.167340557    -8.981922443
     72     0.011624304    -0.006715352    -0.001263240     31.680324827   -10.641958271    -1.457584635
     73    -0.033445433     0.007672019    -0.007129902   -102.671957259    -7.785530618    -8.226809506
     74    -0.025447876     0.004805486    -0.011029691    -79.141418291    -9.325968083   -12.726566184
     75    -0.017094672     0.001921912    -0.012345675    -54.455269595   -10.570845123   -14.245010090
     76    -0.008516088    -0.000894568    -0.011135733    -28.959754601   -11.371631149   -12.848922256
     77     0.000160594    -0.003557216    -0.007455595     -2.988695261   -11.568257451    -8.602610052
     78     0.008811172    -0.005976724    -0.001361502     23.136772623   -10.989139736    -1.570963565
     79    -0.031211888     0.006966261    -0.006496030    -96.006624718    -7.903203902    -7.495418778
     80    -0.024210321     0.004383580    -0.010270709    -75.478836552    -9.492911113   -11.850818318
     81    -0.016822886     0.001781733    -0.011593448    -53.697910383   -10.764174950   -13.377055567
     82    -0.009179187    -0.000754773    -0.010527868    -31.007534168   -11.566579219   -12.147540148
     83    -0.001406431    -0.003139087    -0.007135595     -7.741177480   -11.739613292    -8.233379351
     84     0.006370827    -0.005282081    -0.001478734     15.778690395   -11.112635612    -1.706231322
     85    -0.028885338     0.006297729    -0.005843985    -88.997867802    -7.806174344    -6.743059709
     86    -0.022825212     0.003984794    -0.009497758    -71.306947188    -9.437702467   -10.958951567
     87    -0.016348412     0.001649525    -0.010832603    -52.264465836   -10.730763605   -12.499156749
     88    -0.009584365    -0.000623190    -0.009917335    -32.213148639   -11.533514855   -11.443078326
     89    -0.002660162    -0.002746404    -0.006818775    -11.485989122   -11.685009262    -7.867817465
     90     0.004299594    -0.004631139    -0.001604280      9.594237785   -11.015147114    -1.851092466
     91    -0.026476392     0.005666901    -0.005187192    -81.680181135    -7.503350006    -5.985221864
     92    -0.021302657     0.003609293    -0.008719678    -66.658908446    -9.169794320   -10.061167248
     93    -0.015681469     0.001525301    -0.010067508    -50.188610679   -10.480680320   -11.616355642
     94    -0.009741896    -0.000499829    -0.009303895    -32.610478073   -11.282631804   -10.735263146
     95    -0.003610926    -0.002379060    -0.006500324    -14.257066609   -11.414299450    -7.500373898
     96     0.002586679    -0.004023572    -0.001728721      4.548155382   -10.706270246    -1.994677622
     97    -0.024000752     0.005074209    -0.004537466    -74.104909006    -7.008845167    -5.235537742
     98    -0.019658307     0.003257241    -0.007944486    -61.586158544    -8.704123278    -9.166714987
     99    -0.014837689     0.001409091    -0.009302060    -47.521851904   -10.029283419   -10.733145664
    100    -0.009667408    -0.000384699    -0.008687364    -32.251047082   -10.829411406   -10.023881269
    101    -0.004274363    -0.002036994    -0.006175936    -16.105916141   -10.942756991    -7.126079818
    102     0.001216365    -0.003459115    -0.001843734      0.588891857   -10.200678405    -2.127385611
    103    -0.021478235     0.004519985    -0.003905211    -66.337052728    -6.341160095    -4.506012230
    104    -0.017912505     0.002928797    -0.007179031    -56.155603804    -8.060291014    -8.283497883
    105    -0.013837393     0.001300919    -0.008539582    -44.331156472    -9.396590155    -9.853363511
    106    -0.009381285    -0.000277794    -0.008067507    -31.202054446   -10.193999367    -9.308661436
    107    -0.004670988    -0.001720128    -0.005841828    -17.100087615   -10.290410494    -6.740570376
    108     0.000168392    -0.002937532    -0.001942019     -2.350112613    -9.517630559    -2.240790642
    109    -0.018933879     0.004004628    -0.003299280    -58.458760711    -5.523744208    -3.806862033
    110    -0.016089844     0.002624103    -0.006429170    -50.448174885    -7.262144184    -7.418272579
    111    -0.012705270     0.001200810    -0.007782973    -40.697890531    -8.606938445    -8.980353893
    112    -0.008908273    -0.000179110    -0.007444165    -29.545076285    -9.400853301    -8.589420925
    113    -0.004825586    -0.001428369    -0.005494824    -17.321198275    -9.481467897    -6.340181094
    114    -0.000582447    -0.002458550    -0.002017381     -4.351688436    -8.681157206    -2.327747287
    115    -0.016395990     0.003528483    -0.002727316    -50.563004907    -4.583451102    -3.146902594
    116    -0.014218588     0.002343297    -0.005700122    -44.556917734    -6.337183880    -6.577063831
    117    -0.011469566     0.001108792    -0.007034779    -36.715147804    -7.688169302    -8.117052600
    118    -0.008276619    -0.000088650    -0.006817235    -27.373231715    -8.477920351    -7.866040635
    119    -0.004766414    -0.001161668    -0.005132136    -16.862357050    -8.543712452    -5.921695513
    120    -0.001064454    -0.002021957    -0.002064461     -5.508927385    -7.718548156    -2.382070435
    121    -0.013895334     0.003091816    -0.002195863    -42.750952096    -3.549836944    -2.533687786
    122    -0.012329880     0.002086502    -0.004996188    -38.584383293    -5.315810408    -5.764832869
    123    -0.010161413     0.001024884    -0.006297087    -32.485540513    -6.671008910    -7.265869533
    124    -0.007517501    -0.000006412    -0.006186564    -24.789311851    -7.456030403    -7.138342538
    125    -0.004524752    -0.000919963    -0.004751390    -15.826618276    -7.507875493    -5.482372909
    126    -0.001308710    -0.001627565    -0.002078658     -5.924109619    -6.659928821    -2.398451823
    127    -0.011465905     0.002694938    -0.001710144    -35.134363116    -2.455495036    -1.973243111
    128    -0.010457411     0.001853829    -0.004320888    -32.641524472    -4.230970194    -4.985640350
    129    -0.008814589     0.000949106    -0.005571651    -28.120407650    -5.588802849    -6.428827867
    130    -0.006664738     0.000067605    -0.005552054    -21.904801837    -6.368626104    -6.406215965
    131    -0.004134421    -0.000703189    -0.004350692    -14.325420816    -6.407191865    -5.020028826
    132    -0.001349357    -0.001275163    -0.002056343     -5.709578597    -5.538363043    -2.372703217
    133    -0.009143516     0.002338110    -0.001274524    -27.831043802    -1.334983486    -1.470604430
    134    -0.008637039     0.001645390    -0.003677249    -26.846447565    -3.117765603    -4.242979764
    135    -0.007464981     0.000881481    -0.004859955    -23.738034572    -4.476967410    -5.607640922
    136    -0.005754206     0.000133395    -0.004913667    -18.837979176    -5.251207858    -5.669615369
    137    -0.003631259    -0.000511310    -0.003928459    -12.476873129    -5.276990775    -4.532837263
    138    -0.001222207    -0.000964590    -0.001994491     -4.983244130    -4.388743155    -2.301335693
    139    -0.006965121     0.002021530    -0.000892512    -20.962623328    -0.224197646    -1.029822115
    140    -0.006906156     0.001461274    -0.003067493    -21.322330007    -2.012877889    -3.539414782
    141    -0.006149951     0.000822017    -0.004163060    -19.461580345    -3.372422174    -4.803530320
    142    -0.004823298     0.000190970    -0.004271406    -15.712112629    -4.140724515    -4.928545809
    143    -0.003052742    -0.000344263    -0.003483504    -10.404464790    -4.154128340    -4.019427277
    144    -0.000964441    -0.000695699    -0.001890660     -3.867528582    -3.247354514    -2.181530741
    145    -0.004969369     0.001745421    -0.000566351    -14.656294944     0.839374211    -0.653481539
    146    -0.005303768     0.001301535    -0.002492578    -16.197715924    -0.954708799    -2.876051616
    147    -0.004907743     0.000770679    -0.003481473    -15.417161489    -2.313112641    -4.017084687
    148    -0.003910380     0.000240407    -0.003625906    -12.653596988    -3.074857204    -4.183737362
    149    -0.002438052    -0.000201846    -0.003015565     -8.237162111    -3.076685840    -3.479498035
    150    -0.000614826    -0.000468281    -0.001743255     -2.490035137    -2.151853325    -2.011447558
    151    -0.003197747     0.001509939    -0.000297080     -9.048677475     1.815213478    -0.342784326
    152    -0.003871339     0.001166044    -0.001950615    -11.609424189     0.015305944    -2.250709608
    153    -0.003775106     0.000727236    -0.002814657    -11.726158464    -1.336138944    -3.247681552
    154    -0.003052765     0.000282053    -0.002980103     -9.785105655    -2.089373302    -3.438580095
    155    -0.001829320    -0.000083330    -0.002526679     -6.113139402    -2.083930661    -2.915399057
    156    -0.000214669    -0.000282026    -0.001550881     -0.986627890    -1.142065444    -1.789478117
    157    -0.001703568     0.001315072    -0.000084342     -4.315536600     2.650553925    -0.097317838
    158    -0.002654815     0.001053977    -0.001433379     -7.709740568     0.849010271    -1.653898499
    159    -0.002780190     0.000690891    -0.002160787     -8.482161241    -0.471974300    -2.493215409
    160    -0.002280817     0.000316958    -0.002342441     -7.205701952    -1.210836633    -2.702817037
    161    -0.001275506     0.000013476    -0.002023861     -4.191637598    -1.217064112    -2.335224010
    162     0.000183691    -0.000136376    -0.001310300      0.470696066    -0.267919551    -1.511884357
    163    -0.000582682     0.001160423     0.000069517     -0.773259064     3.249290165     0.080211853
    164    -0.001705678     0.000962779    -0.000931839     -4.670913464     1.487064401    -1.075198607
    165    -0.001929704     0.000659954    -0.001523025     -5.708961029     0.267172368    -1.757336897
    166    -0.001607026     0.000346974    -0.001725627     -4.954727926    -0.445496265    -1.991108105
    167    -0.000836909     0.000092308    -0.001513909     -2.667746306    -0.523401136    -1.746817758
    168     0.000488489    -0.000031009    -0.001008274      1.579733915     0.380893081    -1.163392645
    169    -0.000028031     0.001044444     0.000124742      0.940556844     3.415498370     0.143933123
    170    -0.001055833     0.000888430    -0.000510696     -2.602103110     1.884657713    -0.589264101
    171    -0.001220220     0.000634594    -0.000955208     -3.395083669     0.885257766    -1.102163020
    172    -0.001034536     0.000369637    -0.001089973     -3.044983589     0.195414809    -1.257661239
    173    -0.000559599     0.000148065    -0.000937195     -1.698392767    -0.065322815    -1.081379161
    174     0.000517659     0.000028679    -0.000591399      1.734932322     0.606516856    -0.682383004
    175    -0.000136797     0.000962956    -0.000180228      0.501393437     3.039284625    -0.207955369
    176    -0.000682025     0.000839382    -0.000694507     -1.418276207     2.092664513    -0.801354236
    177    -0.000808218     0.000631776    -0.000634936     -2.039621291     1.283442425    -0.732618331
    178    -0.000698725     0.000358243    -0.000162225     -1.949182381     0.489973660    -0.187183187
    179    -0.000392801     0.000103639     0.000205434     -1.192448131    -0.046817780     0.237039325
    180     0.000190393    -0.000001985     0.000128472      0.625705623     0.181756397     0.148236666
