 Node            Displacements                Applied/reaction forces
number     1-direction     2-direction      1-direction     2-direction
     1     0.000000000     0.000000000      6.415896757     1.636994504
     2     0.000000000     0.000000000      5.955761880     0.199410910
     3     0.000000000     0.000000000     -0.021985464     0.040859757
     4     0.000000000     0.000000000     -5.986901742     0.154731253
     5     0.000000000     0.000000000     -6.362771431     1.624253576
     6    -0.017642286    -0.011035716      0.000000000    -0.187500000
     7    -0.007458005    -0.006873816      0.000000000     0.000000000
     8     0.000001753    -0.005837572      0.000000000     0.000000000
     9     0.007455114    -0.006711587      0.000000000     0.000000000
    10     0.017524335    -0.010634957      0.000000000     0.000000000
    11    -0.033076932    -0.026328781      0.000000000    -0.187500000
    12    -0.015521729    -0.022807403      0.000000000     0.000000000
    13    -0.000031524    -0.021418682      0.000000000     0.000000000
    14     0.015432701    -0.022559801      0.000000000     0.000000000
    15     0.032931192    -0.025840814      0.000000000     0.000000000
    16    -0.046991602    -0.048861541      0.000000000    -0.187500000
    17    -0.022642547    -0.045653172      0.000000000     0.000000000
    18    -0.000078846    -0.044492219      0.000000000     0.000000000
    19     0.022472560    -0.045394615      0.000000000     0.000000000
    20     0.046803476    -0.048353015      0.000000000     0.000000000
    21    -0.059424363    -0.077794891      0.000000000    -0.187500000
    22    -0.028937137    -0.074944443      0.000000000     0.000000000
    23    -0.000121943    -0.073893604      0.000000000     0.000000000
    24     0.028689324    -0.074689001      0.000000000     0.000000000
    25     0.059173664    -0.077288688      0.000000000     0.000000000
    26    -0.070405385    -0.112434134      0.000000000    -0.187500000
    27    -0.034499140    -0.109898911      0.000000000     0.000000000
    28    -0.000161460    -0.108958094      0.000000000     0.000000000
    29     0.034175603    -0.109646926      0.000000000     0.000000000
    30     0.070082560    -0.111931650      0.000000000     0.000000000
    31    -0.080022744    -0.152058853      0.000000000    -0.187500000
    32    -0.039378666    -0.149821060      0.000000000     0.000000000
    33    -0.000199376    -0.148979399      0.000000000     0.000000000
    34     0.038980072    -0.149570630      0.000000000     0.000000000
    35     0.079624939    -0.151558242      0.000000000     0.000000000
    36    -0.088366088    -0.196010370      0.000000000    -0.187500000
    37    -0.043621290    -0.194048950      0.000000000     0.000000000
    38    -0.000236852    -0.193299708      0.000000000     0.000000000
    39     0.043147758    -0.193798964      0.000000000     0.000000000
    40     0.087892917    -0.195510344      0.000000000     0.000000000
    41    -0.095526367    -0.243673704      0.000000000    -0.187500000
    42    -0.047272431    -0.241968259      0.000000000     0.000000000
    43    -0.000274283    -0.241304338      0.000000000     0.000000000
    44     0.046723943    -0.241718323      0.000000000     0.000000000
    45     0.094977983    -0.243173770      0.000000000     0.000000000
    46    -0.101594576    -0.294480005      0.000000000    -0.187500000
    47    -0.050377584    -0.293010021      0.000000000     0.000000000
    48    -0.000311747    -0.292424577      0.000000000     0.000000000
    49     0.049754113    -0.292760056      0.000000000     0.000000000
    50     0.100971118    -0.293980046      0.000000000     0.000000000
    51    -0.106661756    -0.347905953      0.000000000    -0.187500000
    52    -0.052982243    -0.346650956      0.000000000     0.000000000
    53    -0.000349235    -0.346137162      0.000000000     0.000000000
    54     0.052283776    -0.346400968      0.000000000     0.000000000
    55     0.105963283    -0.347405968      0.000000000     0.000000000
    56    -0.110818928    -0.403473792      0.000000000    -0.187500000
    57    -0.055131904    -0.402413307      0.000000000     0.000000000
    58    -0.000386733    -0.401964346      0.000000000     0.000000000
    59     0.054358437    -0.402163309      0.000000000     0.000000000
    60     0.110045456    -0.402973796      0.000000000     0.000000000
    61    -0.114157099    -0.460751277      0.000000000    -0.187500000
    62    -0.056872066    -0.459864828      0.000000000     0.000000000
    63    -0.000424233    -0.459473879      0.000000000     0.000000000
    64     0.056023598    -0.459614828      0.000000000     0.000000000
    65     0.113308629    -0.460251277      0.000000000     0.000000000
    66    -0.116767271    -0.519351658      0.000000000    -0.187500000
    67    -0.058248227    -0.518618772      0.000000000     0.000000000
    68    -0.000461734    -0.518279010      0.000000000     0.000000000
    69     0.057324759    -0.518368772      0.000000000     0.000000000
    70     0.115843802    -0.518851658      0.000000000     0.000000000
    71    -0.118740443    -0.578933688      0.000000000    -0.187500000
    72    -0.059305888    -0.578333890      0.000000000     0.000000000
    73    -0.000499234    -0.578038490      0.000000000     0.000000000
    74     0.058307420    -0.578083890      0.000000000     0.000000000
    75     0.117741975    -0.578433688      0.000000000     0.000000000
    76    -0.120167615    -0.639201619      0.000000000    -0.187500000
    77    -0.060090550    -0.638714431      0.000000000     0.000000000
    78    -0.000536734    -0.638456567      0.000000000     0.000000000
    79     0.059017082    -0.638464431      0.000000000     0.000000000
    80     0.119094147    -0.638701619      0.000000000     0.000000000
    81    -0.121139774    -0.699905204      0.000000000    -0.187500000
    82    -0.060647727    -0.699510144      0.000000000     0.000000000
    83    -0.000574234    -0.699282977      0.000000000     0.000000000
    84     0.059499259    -0.699260144      0.000000000     0.000000000
    85     0.119991307    -0.699405204      0.000000000     0.000000000
    86    -0.121747879    -0.760839625      0.000000000    -0.187500000
    87    -0.061022945    -0.760516260      0.000000000     0.000000000
    88    -0.000611734    -0.760313010      0.000000000     0.000000000
    89     0.059799477    -0.760266260      0.000000000     0.000000000
    90     0.120524411    -0.760339625      0.000000000     0.000000000
    91    -0.122083221    -0.821844976      0.000000000    -0.187500000
    92    -0.061261216    -0.821573545      0.000000000     0.000000000
    93    -0.000649234    -0.821388221      0.000000000     0.000000000
    94     0.059962749    -0.821323545      0.000000000     0.000000000
    95     0.120784753    -0.821344976      0.000000000     0.000000000
    96    -0.122240952    -0.882806726      0.000000000    -0.187500000
    97    -0.061403432    -0.882568988      0.000000000     0.000000000
    98    -0.000686734    -0.882398790      0.000000000     0.000000000
    99     0.060029964    -0.882318988      0.000000000     0.000000000
   100     0.120867484    -0.882306726      0.000000000     0.000000000
   101    -0.122325234    -0.943681608      0.000000000    -0.093750000
   102    -0.061487980    -0.943440300      0.000000000     0.000000000
   103    -0.000724234    -0.943261501      0.000000000     0.000000000
   104     0.060039512    -0.943190300      0.000000000     0.000000000
   105     0.120876766    -0.943181608      0.000000000     0.000000000
                                            ___________     ___________
                              Summation     0.000000000     0.000000000

Element                    Element strain                                   Element Stress
number      1-direction     2-direction     3-direction      1-direction     2-direction     3-direction
      1    -0.050200583     0.008323801    -0.015450502   -157.264096302   -22.207825849   -17.827502276
      2    -0.014912505     0.002072488    -0.010503259    -47.112390920    -7.916253171   -12.119145360
      3     0.014913733    -0.001748030    -0.010191594     47.437333498     8.987110392   -11.759531751
      4     0.049958899    -0.007846740    -0.014554645    156.939153724    23.541525242   -16.793820614
      5    -0.048298234     0.015547361    -0.008941876   -143.848437329     3.487552443   -10.317549152
      6    -0.017077198     0.004807869    -0.018126491    -51.543420897    -1.039418000   -20.915182429
      7     0.015140396    -0.004030276    -0.016998305     45.927407801     1.687395642   -19.613428708
      8     0.045971091    -0.014332146    -0.006155522    137.378397090    -1.782917709    -7.102525813
      9    -0.044932957     0.013625148    -0.010412203   -134.655206942     0.478881208   -12.014080523
     10    -0.016917530     0.005155913    -0.017404370    -50.672821662     0.265893020   -20.081965131
     11     0.011556304    -0.004087149    -0.015870824     34.055470799    -2.044806517   -18.312489641
     12     0.039358077    -0.012399167    -0.005464580    117.488989848    -1.950805116    -6.305285173
     13    -0.042253431     0.012386744    -0.011111943   -127.046398976    -0.953687952   -12.821472148
     14    -0.017241781     0.004463476    -0.016811884    -52.426609501    -2.337556264   -19.398327564
     15     0.007891092    -0.003395719    -0.014750259     22.656186094    -3.390301703   -17.019530066
     16     0.032704587    -0.010987198    -0.004877614     96.950860743    -3.876334967    -5.628016402
     17    -0.039831199     0.011071058    -0.011160459   -120.362246984    -2.895501342   -12.877452905
     18    -0.017825113     0.004034250    -0.016157121    -54.774191928    -4.329506597   -18.642832280
     19     0.004360389    -0.002968664    -0.013884943     11.438868134    -5.474332451   -16.021087658
     20     0.026310193    -0.009624247    -0.004306430     77.218413397    -5.707216558    -4.968958034
     21    -0.037516877     0.009881083    -0.010795132   -113.909511620    -4.529604237   -12.455921667
     22    -0.018348290     0.003619687    -0.015351118    -56.908955950    -6.213624335   -17.712828378
     23     0.001091233    -0.002560376    -0.013039655      1.065230793    -7.361559163   -15.045756322
     24     0.020381738    -0.008382209    -0.003927448     58.902445758    -7.475892201    -4.531670484
     25    -0.035148748     0.008752282    -0.010159082   -107.218890858    -5.908821868   -11.722017654
     26    -0.018640514     0.003240036    -0.014396892    -58.247811801    -7.754236298   -16.611798443
     27    -0.001763299    -0.002181266    -0.012201822     -7.970369460    -8.934909625   -14.079025245
     28     0.015058799    -0.007225704    -0.003684605     42.498090177    -8.927686401    -4.251467206
     29    -0.032628083     0.007695641    -0.009326462    -99.954033975    -6.899287238   -10.761302147
     30    -0.018596928     0.002885875    -0.013339954    -58.454392231    -8.878692128   -15.392254875
     31    -0.004098667    -0.001826804    -0.011359728    -15.318818283   -10.076057554   -13.107377894
     32     0.010442219    -0.006156967    -0.003538359     28.335589660    -9.970224200    -4.082722015
     33    -0.029899024     0.006710743    -0.008365053    -91.931212805    -7.447134156    -9.651984351
     34    -0.018161770     0.002558085    -0.012212486    -57.343992882    -9.528943193   -14.091329739
     35    -0.005858320    -0.001499272    -0.010512334    -20.795940306   -10.736598408   -12.129615878
     36     0.006587366    -0.005174849    -0.003449495     16.598608150   -10.544963345    -3.980187085
     37    -0.026946288     0.005799425    -0.007330666    -83.098222676    -7.531192779    -8.458460984
     38    -0.017319604     0.002256228    -0.011042686    -54.866161995    -9.691163413   -12.741561307
     39    -0.007026820    -0.001198927    -0.009657403    -24.351091934   -10.902108285   -11.143157166
     40     0.003508902    -0.004278833    -0.003387376      7.335994982   -10.635700896    -3.908511229
     41    -0.023788464     0.004962915    -0.006270557    -73.515130445    -7.165793700    -7.235258012
     42    -0.016089253     0.001980469    -0.009853636    -51.082786447    -9.383429355   -11.369579596
     43    -0.007623222    -0.000925899    -0.008793601    -26.047225110   -10.591865848   -10.146463088
     44     0.001187204    -0.003468255    -0.003326000      0.483718112   -10.259648525    -3.837692479
     45    -0.020472745     0.004202453    -0.005223823    -63.336293537    -6.393528217    -6.027488258
     46    -0.014518099     0.001730993    -0.008664523    -46.149893486    -8.651987959    -9.997526624
     47    -0.007695225    -0.000680184    -0.007919747    -26.041583267    -9.853026311    -9.138169519
     48    -0.000425924    -0.002742503    -0.003243921     -4.116512038    -9.462463406    -3.742985889
     49    -0.017069816     0.003519152    -0.004222369    -52.793638867    -5.280634287    -4.871964385
     50    -0.012676972     0.001508002    -0.007490988    -40.300784530    -7.566229964    -8.643447802
     51    -0.007313959    -0.000461770    -0.007034898    -24.568647013    -8.755902707    -8.117190301
     52    -0.001402056    -0.002101019    -0.003123636     -6.700093236    -8.313084600    -3.604195281
     53    -0.013669224     0.002914013    -0.003291619    -42.181384273    -3.912376115    -3.798022405
     54    -0.010655515     0.001311668    -0.006345545    -33.830818752    -6.214241006    -7.321782547
     55    -0.006569329    -0.000270650    -0.006138311    -21.924803173    -7.389390800    -7.082666582
     56    -0.001831496    -0.001543302    -0.002951211     -7.564242603    -6.899177311    -3.405242900
     57    -0.010375197     0.002387916    -0.002451273    -31.842271805    -2.388934067    -2.828392370
     58    -0.008558071     0.001142145    -0.005237946    -27.083828496    -4.698713505    -6.043783514
     59    -0.005565892    -0.000106827    -0.005229410    -18.454749230    -5.856906649    -6.033934913
     60    -0.001819125    -0.001068917    -0.002715867     -7.054286802    -5.323037523    -3.133692985
     61    -0.007302792     0.001941630    -0.001716030    -22.154843899    -0.821564011    -1.980034708
     62    -0.006500156     0.000999577    -0.004175563    -20.440493813    -3.133417153    -4.817956966
     63    -0.004419305     0.000029673    -0.004307672    -14.539788850    -4.272916646    -4.970390361
     64    -0.001480552    -0.000677501    -0.002409649     -5.550995035    -3.697800977    -2.780364772
     65    -0.004574627     0.001575810    -0.001095639    -13.522696095     0.670621334    -1.264198373
     66    -0.004605228     0.000884043    -0.003162916    -14.307740828    -1.640192856    -3.649517946
     67    -0.003253129     0.000138945    -0.003373585    -10.587182909    -2.759319327    -3.892597831
     68    -0.000938933    -0.000368598    -0.002027530     -3.459931746    -2.143774497    -2.339458149
     69    -0.002328905     0.001290760    -0.000588266     -6.401132315     1.951939843    -0.678768962
     70    -0.002994582     0.000794651    -0.002196499     -9.086328537    -0.341944723    -2.534421391
     71    -0.002190843     0.000222676    -0.002438646     -7.002330491    -1.432670985    -2.813822718
     72    -0.000333562    -0.000139904    -0.001570259     -1.238020193    -0.791116878    -1.811837558
     73    -0.000803916     0.001084153    -0.000182589     -1.578034402     2.779048670    -0.210679705
     74    -0.001735933     0.000725870    -0.001258472     -5.004963998     0.676120694    -1.452083425
     75    -0.001316761     0.000288799    -0.001554538     -4.055345818    -0.350207073    -1.793697287
     76     0.000095999     0.000013988    -0.001023224      0.330314171     0.141056844    -1.180643228
     77    -0.000333910     0.000951109    -0.000192747     -0.160145520     2.805282282    -0.222400248
     78    -0.000908462     0.000689544    -0.000674836     -2.312964261     1.374743083    -0.778656526
     79    -0.000720143     0.000302100    -0.000386248     -2.075317409     0.283706167    -0.445670324
     80     0.000041408     0.000038480    -0.000092696      0.174567760     0.167810128    -0.106957107
