 Node            Displacements                Applied/reaction forces
number     1-direction     2-direction      1-direction     2-direction
     1     0.000000000     0.000000000      3.292160632     0.957057319
     2     0.000000000     0.000000000      4.228682644     0.443954489
     3     0.000000000     0.000000000      2.941775548     0.269515989
     4     0.000000000     0.000000000      1.911057327     0.138162640
     5     0.000000000     0.000000000      0.938438986     0.075106605
     6     0.000000000     0.000000000     -0.008340669     0.052675630
     7     0.000000000     0.000000000     -0.954837326     0.066831283
     8     0.000000000     0.000000000     -1.926248051     0.121088004
     9     0.000000000     0.000000000     -2.953837571     0.241864261
    10     0.000000000     0.000000000     -4.224517761     0.406897786
    11     0.000000000     0.000000000     -3.244333759     0.939345996
    12    -0.008258452    -0.004949305      0.000000000    -0.075000000
    13    -0.005291781    -0.002897827      0.000000000     0.000000000
    14    -0.003745397    -0.001992113      0.000000000     0.000000000
    15    -0.002410183    -0.001522100      0.000000000     0.000000000
    16    -0.001182719    -0.001280253      0.000000000     0.000000000
    17     0.000005621    -0.001196668      0.000000000     0.000000000
    18     0.001193328    -0.001251691      0.000000000     0.000000000
    19     0.002418530    -0.001462689      0.000000000     0.000000000
    20     0.003747608    -0.001896129      0.000000000     0.000000000
    21     0.005279764    -0.002750757      0.000000000     0.000000000
    22     0.008155321    -0.004704012      0.000000000     0.000000000
    23    -0.015243619    -0.009060279      0.000000000    -0.075000000
    24    -0.011069411    -0.007174887      0.000000000     0.000000000
    25    -0.007758406    -0.005749254      0.000000000     0.000000000
    26    -0.004994591    -0.004900343      0.000000000     0.000000000
    27    -0.002449480    -0.004440584      0.000000000     0.000000000
    28     0.000002681    -0.004278540      0.000000000     0.000000000
    29     0.002453125    -0.004385908      0.000000000     0.000000000
    30     0.004992117    -0.004787113      0.000000000     0.000000000
    31     0.007742147    -0.005568387      0.000000000     0.000000000
    32     0.011017204    -0.006908676      0.000000000     0.000000000
    33     0.015118055    -0.008701558      0.000000000     0.000000000
    34    -0.021838016    -0.014137190      0.000000000    -0.075000000
    35    -0.016533540    -0.012277047      0.000000000     0.000000000
    36    -0.011844250    -0.010822085      0.000000000     0.000000000
    37    -0.007653397    -0.009807307      0.000000000     0.000000000
    38    -0.003764578    -0.009219590      0.000000000     0.000000000
    39    -0.000007235    -0.009005404      0.000000000     0.000000000
    40     0.003747281    -0.009144368      0.000000000     0.000000000
    41     0.007626690    -0.009653223      0.000000000     0.000000000
    42     0.011797721    -0.010581847      0.000000000     0.000000000
    43     0.016451679    -0.011943646      0.000000000     0.000000000
    44     0.021706450    -0.013709134      0.000000000     0.000000000
    45    -0.028198447    -0.020289497      0.000000000    -0.075000000
    46    -0.021731888    -0.018500077      0.000000000     0.000000000
    47    -0.015787597    -0.017074287      0.000000000     0.000000000
    48    -0.010283374    -0.016042195      0.000000000     0.000000000
    49    -0.005078651    -0.015411380      0.000000000     0.000000000
    50    -0.000021875    -0.015174055      0.000000000     0.000000000
    51     0.005031502    -0.015322285      0.000000000     0.000000000
    52     0.010225382    -0.015861773      0.000000000     0.000000000
    53     0.015709971    -0.016799227      0.000000000     0.000000000
    54     0.021625786    -0.018128205      0.000000000     0.000000000
    55     0.028060550    -0.019822361      0.000000000     0.000000000
    56    -0.034326994    -0.027604995      0.000000000    -0.075000000
    57    -0.026698072    -0.025882909      0.000000000     0.000000000
    58    -0.019557863    -0.024511508      0.000000000     0.000000000
    59    -0.012817066    -0.023505917      0.000000000     0.000000000
    60    -0.006356175    -0.022880082      0.000000000     0.000000000
    61    -0.000039032    -0.022638892      0.000000000     0.000000000
    62     0.006274757    -0.022782905      0.000000000     0.000000000
    63     0.012725544    -0.023310775      0.000000000     0.000000000
    64     0.019449805    -0.024217582      0.000000000     0.000000000
    65     0.026569175    -0.025490549      0.000000000     0.000000000
    66     0.034178716    -0.027116299      0.000000000     0.000000000
    67    -0.040215918    -0.036074681      0.000000000    -0.075000000
    68    -0.031448548    -0.034421547      0.000000000     0.000000000
    69    -0.023155656    -0.033107540      0.000000000     0.000000000
    70    -0.015237480    -0.032142665      0.000000000     0.000000000
    71    -0.007579957    -0.031538388      0.000000000     0.000000000
    72    -0.000057084    -0.031302420      0.000000000     0.000000000
    73     0.007462935    -0.031437196      0.000000000     0.000000000
    74     0.015112168    -0.031940346      0.000000000     0.000000000
    75     0.023017724    -0.032804584      0.000000000     0.000000000
    76     0.031296299    -0.034019263      0.000000000     0.000000000
    77     0.040052492    -0.035575075      0.000000000     0.000000000
    78    -0.045858955    -0.045666033      0.000000000    -0.075000000
    79    -0.035990924    -0.044081421      0.000000000     0.000000000
    80    -0.026588235    -0.042824149      0.000000000     0.000000000
    81    -0.017544380    -0.041901848      0.000000000     0.000000000
    82    -0.008746593    -0.041323397      0.000000000     0.000000000
    83    -0.000075077    -0.041095476      0.000000000     0.000000000
    84     0.008594235    -0.041220641      0.000000000     0.000000000
    85     0.017385794    -0.041696782      0.000000000     0.000000000
    86     0.026420667    -0.042517760      0.000000000     0.000000000
    87     0.035814037    -0.043675225      0.000000000     0.000000000
    88     0.045676093    -0.045161679      0.000000000     0.000000000
    89    -0.051254357    -0.056334735      0.000000000    -0.075000000
    90    -0.040330031    -0.054817824      0.000000000     0.000000000
    91    -0.029862486    -0.053615406      0.000000000     0.000000000
    92    -0.019742302    -0.052734288      0.000000000     0.000000000
    93    -0.009857545    -0.052181432      0.000000000     0.000000000
    94    -0.000092588    -0.051962107      0.000000000     0.000000000
    95     0.009670788    -0.052078423      0.000000000     0.000000000
    96     0.019551169    -0.052528815      0.000000000     0.000000000
    97     0.029665323    -0.053308517      0.000000000     0.000000000
    98     0.040127123    -0.054410887      0.000000000     0.000000000
    99     0.051048617    -0.055828999      0.000000000     0.000000000
   100    -0.056403658    -0.068032764      0.000000000    -0.075000000
   101    -0.044470067    -0.066582339      0.000000000     0.000000000
   102    -0.032984120    -0.065432895      0.000000000     0.000000000
   103    -0.021836086    -0.064590982      0.000000000     0.000000000
   104    -0.010915349    -0.064062442      0.000000000     0.000000000
   105    -0.000109503    -0.063851480      0.000000000     0.000000000
   106     0.010695273    -0.063959787      0.000000000     0.000000000
   107     0.021613109    -0.064386174      0.000000000     0.000000000
   108     0.032757310    -0.065126844      0.000000000     0.000000000
   109     0.044239929    -0.066176141      0.000000000     0.000000000
   110     0.056172472    -0.067527306      0.000000000     0.000000000
   111    -0.061310466    -0.080711331      0.000000000    -0.075000000
   112    -0.048415253    -0.079325986      0.000000000     0.000000000
   113    -0.035957893    -0.078227827      0.000000000     0.000000000
   114    -0.023829854    -0.077423367      0.000000000     0.000000000
   115    -0.011922369    -0.076917857      0.000000000     0.000000000
   116    -0.000125868    -0.076714857      0.000000000     0.000000000
   117     0.011669950    -0.076815762      0.000000000     0.000000000
   118     0.023575614    -0.077219582      0.000000000     0.000000000
   119     0.035701356    -0.077923062      0.000000000     0.000000000
   120     0.048156940    -0.078921054      0.000000000     0.000000000
   121     0.061052034    -0.080206827      0.000000000     0.000000000
   122    -0.065979552    -0.094322179      0.000000000    -0.075000000
   123    -0.052169971    -0.093000404      0.000000000     0.000000000
   124    -0.038787969    -0.091952025      0.000000000     0.000000000
   125    -0.025727017    -0.091183583      0.000000000     0.000000000
   126    -0.012880580    -0.090700045      0.000000000     0.000000000
   127    -0.000141785    -0.090504617      0.000000000     0.000000000
   128     0.012596598    -0.090598512      0.000000000     0.000000000
   129     0.025441961    -0.090980818      0.000000000     0.000000000
   130     0.038501629    -0.091648544      0.000000000     0.000000000
   131     0.051882795    -0.092596772      0.000000000     0.000000000
   132     0.065692676    -0.093818774      0.000000000     0.000000000
   133    -0.070416298    -0.108818057      0.000000000    -0.075000000
   134    -0.055738744    -0.107558296      0.000000000     0.000000000
   135    -0.041478191    -0.106558311      0.000000000     0.000000000
   136    -0.027530515    -0.105824687      0.000000000     0.000000000
   137    -0.013791641    -0.105362265      0.000000000     0.000000000
   138    -0.000157369    -0.105174071      0.000000000     0.000000000
   139     0.013476671    -0.105261209      0.000000000     0.000000000
   140     0.027214957    -0.105622786      0.000000000     0.000000000
   141     0.041161984    -0.106255916      0.000000000     0.000000000
   142     0.055422234    -0.107155779      0.000000000     0.000000000
   143     0.070100224    -0.108315647      0.000000000     0.000000000
   144    -0.074626390    -0.124152889      0.000000000    -0.075000000
   145    -0.059126195    -0.122953557      0.000000000     0.000000000
   146    -0.044032246    -0.122000650      0.000000000     0.000000000
   147    -0.029243010    -0.121300787      0.000000000     0.000000000
   148    -0.014657007    -0.120858760      0.000000000     0.000000000
   149    -0.000172720    -0.120677509      0.000000000     0.000000000
   150     0.014311449    -0.120758072      0.000000000     0.000000000
   151     0.028897164    -0.121099549      0.000000000     0.000000000
   152     0.043686124    -0.121699090      0.000000000     0.000000000
   153     0.058780047    -0.122551906      0.000000000     0.000000000
   154     0.074280670    -0.123651277      0.000000000     0.000000000
   155    -0.078615662    -0.140281810      0.000000000    -0.075000000
   156    -0.062337011    -0.139141309      0.000000000     0.000000000
   157    -0.046453749    -0.138234197      0.000000000     0.000000000
   158    -0.030867022    -0.137567118      0.000000000     0.000000000
   159    -0.015478017    -0.137144846      0.000000000     0.000000000
   160    -0.000187916    -0.136970279      0.000000000     0.000000000
   161     0.015102133    -0.137044421      0.000000000     0.000000000
   162     0.030491024    -0.137366355      0.000000000     0.000000000
   163     0.046077679    -0.137933236      0.000000000     0.000000000
   164     0.061961038    -0.138740285      0.000000000     0.000000000
   165     0.078240047    -0.139780789      0.000000000     0.000000000
   166    -0.082390018    -0.157161172      0.000000000    -0.075000000
   167    -0.065375918    -0.156077899      0.000000000     0.000000000
   168    -0.048746290    -0.155215315      0.000000000     0.000000000
   169    -0.032405001    -0.154580081      0.000000000     0.000000000
   170    -0.016255943    -0.154176967      0.000000000     0.000000000
   171    -0.000203016    -0.154008854      0.000000000     0.000000000
   172     0.015849897    -0.154076721      0.000000000     0.000000000
   173     0.031998932    -0.154379640      0.000000000     0.000000000
   174     0.048340248    -0.154914759      0.000000000     0.000000000
   175     0.064970012    -0.155677302      0.000000000     0.000000000
   176     0.081984387    -0.156660562      0.000000000     0.000000000
   177    -0.085955399    -0.174748539      0.000000000    -0.075000000
   178    -0.068247661    -0.173720886      0.000000000     0.000000000
   179    -0.050913449    -0.172901570      0.000000000     0.000000000
   180    -0.033859363    -0.172297263      0.000000000     0.000000000
   181    -0.016992024    -0.171912736      0.000000000     0.000000000
   182    -0.000218059    -0.171750861      0.000000000     0.000000000
   183     0.016555910    -0.171812605      0.000000000     0.000000000
   184     0.033423271    -0.172097029      0.000000000     0.000000000
   185     0.050477422    -0.172601274      0.000000000     0.000000000
   186     0.067811766    -0.173320564      0.000000000     0.000000000
   187     0.085519699    -0.174248199      0.000000000     0.000000000
   188    -0.089317759    -0.193002681      0.000000000    -0.075000000
   189    -0.070957003    -0.192029038      0.000000000     0.000000000
   190    -0.052958804    -0.191251733      0.000000000     0.000000000
   191    -0.035232510    -0.190677446      0.000000000     0.000000000
   192    -0.017687477    -0.190310949      0.000000000     0.000000000
   193    -0.000233070    -0.190155109      0.000000000     0.000000000
   194     0.017221348    -0.190210887      0.000000000     0.000000000
   195     0.034766417    -0.190477337      0.000000000     0.000000000
   196     0.052492783    -0.190951595      0.000000000     0.000000000
   197     0.070491092    -0.191628885      0.000000000     0.000000000
   198     0.088851980    -0.192502511      0.000000000     0.000000000
   199    -0.092483065    -0.211883574      0.000000000    -0.075000000
   200    -0.073508710    -0.210962329      0.000000000     0.000000000
   201    -0.054885936    -0.210225780      0.000000000     0.000000000
   202    -0.036526836    -0.209680609      0.000000000     0.000000000
   203    -0.018343511    -0.209331592      0.000000000     0.000000000
   204    -0.000248066    -0.209181593      0.000000000     0.000000000
   205     0.017847390    -0.209231570      0.000000000     0.000000000
   206     0.036030753    -0.209480571      0.000000000     0.000000000
   207     0.054389917    -0.209925731      0.000000000     0.000000000
   208     0.073012774    -0.210562272      0.000000000     0.000000000
   209     0.091987214    -0.211383502      0.000000000     0.000000000
   210    -0.095457286    -0.231352390      0.000000000    -0.075000000
   211    -0.075907556    -0.230481932      0.000000000     0.000000000
   212    -0.056698423    -0.229784883      0.000000000     0.000000000
   213    -0.037744731    -0.229267930      0.000000000     0.000000000
   214    -0.018961325    -0.228935848      0.000000000     0.000000000
   215    -0.000263057    -0.228791502      0.000000000     0.000000000
   216     0.018435223    -0.228835847      0.000000000     0.000000000
   217     0.037218661    -0.229067928      0.000000000     0.000000000
   218     0.056172404    -0.229484880      0.000000000     0.000000000
   219     0.075381596    -0.230081925      0.000000000     0.000000000
   220     0.094931377    -0.230852372      0.000000000     0.000000000
   221    -0.098246394    -0.251371504      0.000000000    -0.075000000
   222    -0.078158316    -0.250550219      0.000000000     0.000000000
   223    -0.058399849    -0.249891417      0.000000000     0.000000000
   224    -0.038888586    -0.249401783      0.000000000     0.000000000
   225    -0.019542119    -0.249086095      0.000000000     0.000000000
   226    -0.000278046    -0.248947216      0.000000000     0.000000000
   227     0.018986036    -0.248986102      0.000000000     0.000000000
   228     0.038332528    -0.249201797      0.000000000     0.000000000
   229     0.057843828    -0.249591434      0.000000000     0.000000000
   230     0.077602335    -0.250150235      0.000000000     0.000000000
   231     0.097690442    -0.250871512      0.000000000     0.000000000
   232    -0.100856362    -0.271904485      0.000000000    -0.075000000
   233    -0.080265766    -0.271130761      0.000000000     0.000000000
   234    -0.059993795    -0.270508950      0.000000000     0.000000000
   235    -0.039960788    -0.270045740      0.000000000     0.000000000
   236    -0.020087088    -0.269745905      0.000000000     0.000000000
   237    -0.000293036    -0.269612313      0.000000000     0.000000000
   238     0.019501022    -0.269645916      0.000000000     0.000000000
   239     0.039374740    -0.269845758      0.000000000     0.000000000
   240     0.059407772    -0.270208974      0.000000000     0.000000000
   241     0.079679769    -0.270730784      0.000000000     0.000000000
   242     0.100270380    -0.271404502      0.000000000     0.000000000
   243    -0.103293161    -0.292916099      0.000000000    -0.075000000
   244    -0.082234683    -0.292188325      0.000000000     0.000000000
   245    -0.061483843    -0.291602251      0.000000000     0.000000000
   246    -0.040963727    -0.291164567      0.000000000     0.000000000
   247    -0.020597426    -0.290880048      0.000000000     0.000000000
   248    -0.000308029    -0.290751561      0.000000000     0.000000000
   249     0.019981373    -0.290780058      0.000000000     0.000000000
   250     0.040347687    -0.290964585      0.000000000     0.000000000
   251     0.060867819    -0.291302274      0.000000000     0.000000000
   252     0.081618675    -0.291788348      0.000000000     0.000000000
   253     0.102677159    -0.292416119      0.000000000     0.000000000
   254    -0.105562765    -0.314372310      0.000000000    -0.075000000
   255    -0.084069846    -0.313688872      0.000000000     0.000000000
   256    -0.062873576    -0.313137282      0.000000000     0.000000000
   257    -0.041899791    -0.312724228      0.000000000     0.000000000
   258    -0.021074328    -0.312454487      0.000000000     0.000000000
   259    -0.000323023    -0.312330925      0.000000000     0.000000000
   260     0.020428284    -0.312354496      0.000000000     0.000000000
   261     0.041253756    -0.312524243      0.000000000     0.000000000
   262     0.062227551    -0.312837301      0.000000000     0.000000000
   263     0.083423830    -0.313288891      0.000000000     0.000000000
   264     0.104916751    -0.313872328      0.000000000     0.000000000
   265    -0.107671146    -0.336240275      0.000000000    -0.075000000
   266    -0.085776031    -0.335599561      0.000000000     0.000000000
   267    -0.064166576    -0.335081200      0.000000000     0.000000000
   268    -0.042771367    -0.334691881      0.000000000     0.000000000
   269    -0.021518987    -0.334436381      0.000000000     0.000000000
   270    -0.000338019    -0.334317564      0.000000000     0.000000000
   271     0.020842950    -0.334336387      0.000000000     0.000000000
   272     0.042095335    -0.334491892      0.000000000     0.000000000
   273     0.063490551    -0.334781214      0.000000000     0.000000000
   274     0.085100010    -0.335199576      0.000000000     0.000000000
   275     0.106995125    -0.335740289      0.000000000     0.000000000
   276    -0.109624276    -0.358488346      0.000000000    -0.075000000
   277    -0.087358015    -0.357888743      0.000000000     0.000000000
   278    -0.065366427    -0.357402358      0.000000000     0.000000000
   279    -0.043580844    -0.357035878      0.000000000     0.000000000
   280    -0.021932597    -0.356794081      0.000000000     0.000000000
   281    -0.000353017    -0.356679831      0.000000000     0.000000000
   282     0.021226565    -0.356694085      0.000000000     0.000000000
   283     0.042874815    -0.356835886      0.000000000     0.000000000
   284     0.064660401    -0.357102368      0.000000000     0.000000000
   285     0.086651991    -0.357488754      0.000000000     0.000000000
   286     0.108918251    -0.357988356      0.000000000     0.000000000
   287    -0.111428127    -0.381086071      0.000000000    -0.075000000
   288    -0.088820576    -0.380525967      0.000000000     0.000000000
   289    -0.066476711    -0.380070303      0.000000000     0.000000000
   290    -0.044330611    -0.379725767      0.000000000     0.000000000
   291    -0.022316352    -0.379497135      0.000000000     0.000000000
   292    -0.000368015    -0.379387274      0.000000000     0.000000000
   293     0.021580323    -0.379397138      0.000000000     0.000000000
   294     0.043594583    -0.379525772      0.000000000     0.000000000
   295     0.065740685    -0.379770310      0.000000000     0.000000000
   296     0.088084550    -0.380125974      0.000000000     0.000000000
   297     0.110692100    -0.380586078      0.000000000     0.000000000
   298    -0.113088670    -0.404004190      0.000000000    -0.075000000
   299    -0.090168491    -0.403481973      0.000000000     0.000000000
   300    -0.067501011    -0.403055776      0.000000000     0.000000000
   301    -0.045023054    -0.402732288      0.000000000     0.000000000
   302    -0.022671447    -0.402516285      0.000000000     0.000000000
   303    -0.000383014    -0.402410633      0.000000000     0.000000000
   304     0.021905419    -0.402416287      0.000000000     0.000000000
   305     0.044257027    -0.402532291      0.000000000     0.000000000
   306     0.066734984    -0.402755781      0.000000000     0.000000000
   307     0.089402464    -0.403081977      0.000000000     0.000000000
   308     0.112322642    -0.403504194      0.000000000     0.000000000
   309    -0.114611877    -0.427214639      0.000000000    -0.075000000
   310    -0.091406537    -0.426728697      0.000000000     0.000000000
   311    -0.068442909    -0.426330714      0.000000000     0.000000000
   312    -0.045660564    -0.426027378      0.000000000     0.000000000
   313    -0.022999075    -0.425823466      0.000000000     0.000000000
   314    -0.000398014    -0.425721844      0.000000000     0.000000000
   315     0.022203048    -0.425723467      0.000000000     0.000000000
   316     0.044864537    -0.425827380      0.000000000     0.000000000
   317     0.067646882    -0.426030717      0.000000000     0.000000000
   318     0.090610510    -0.426328700      0.000000000     0.000000000
   319     0.113815849    -0.426714642      0.000000000     0.000000000
   320    -0.116003719    -0.450690549      0.000000000    -0.075000000
   321    -0.092539491    -0.450239269      0.000000000     0.000000000
   322    -0.069305988    -0.449868246      0.000000000     0.000000000
   323    -0.046245528    -0.449584166      0.000000000     0.000000000
   324    -0.023300430    -0.449391808      0.000000000     0.000000000
   325    -0.000413013    -0.449294037      0.000000000     0.000000000
   326     0.022474403    -0.449291809      0.000000000     0.000000000
   327     0.045419501    -0.449384168      0.000000000     0.000000000
   328     0.068479961    -0.449568247      0.000000000     0.000000000
   329     0.091713464    -0.449839270      0.000000000     0.000000000
   330     0.115177691    -0.450190550      0.000000000     0.000000000
   331    -0.117270167    -0.474406243      0.000000000    -0.075000000
   332    -0.093572130    -0.473988013      0.000000000     0.000000000
   333    -0.070093830    -0.473642696      0.000000000     0.000000000
   334    -0.046780334    -0.473376978      0.000000000     0.000000000
   335    -0.023576706    -0.473195636      0.000000000     0.000000000
   336    -0.000428013    -0.473101537      0.000000000     0.000000000
   337     0.022720680    -0.473095636      0.000000000     0.000000000
   338     0.045924307    -0.473176978      0.000000000     0.000000000
   339     0.069237803    -0.473342696      0.000000000     0.000000000
   340     0.092716103    -0.473588014      0.000000000     0.000000000
   341     0.116414139    -0.473906244      0.000000000     0.000000000
   342    -0.118417193    -0.498337240      0.000000000    -0.075000000
   343    -0.094509231    -0.497950448      0.000000000     0.000000000
   344    -0.070810020    -0.497629583      0.000000000     0.000000000
   345    -0.047267371    -0.497381330      0.000000000     0.000000000
   346    -0.023829098    -0.497210468      0.000000000     0.000000000
   347    -0.000443013    -0.497119862      0.000000000     0.000000000
   348     0.022943072    -0.497110468      0.000000000     0.000000000
   349     0.046381345    -0.497181330      0.000000000     0.000000000
   350     0.069923993    -0.497329583      0.000000000     0.000000000
   351     0.093623203    -0.497550449      0.000000000     0.000000000
   352     0.117531165    -0.497837240      0.000000000     0.000000000
   353    -0.119450767    -0.522460253      0.000000000    -0.075000000
   354    -0.095355570    -0.522103287      0.000000000     0.000000000
   355    -0.071458138    -0.521805619      0.000000000     0.000000000
   356    -0.047709028    -0.521573936      0.000000000     0.000000000
   357    -0.024058800    -0.521413016      0.000000000     0.000000000
   358    -0.000458013    -0.521325724      0.000000000     0.000000000
   359     0.023142774    -0.521313016      0.000000000     0.000000000
   360     0.046793001    -0.521373936      0.000000000     0.000000000
   361     0.070542111    -0.521505619      0.000000000     0.000000000
   362     0.094439543    -0.521703287      0.000000000     0.000000000
   363     0.118534739    -0.521960253      0.000000000     0.000000000
   364    -0.120376861    -0.546753188      0.000000000    -0.075000000
   365    -0.096115926    -0.546424436      0.000000000     0.000000000
   366    -0.072041768    -0.546148712      0.000000000     0.000000000
   367    -0.048107693    -0.545932703      0.000000000     0.000000000
   368    -0.024267006    -0.545781187      0.000000000     0.000000000
   369    -0.000473013    -0.545697030      0.000000000     0.000000000
   370     0.023320979    -0.545681187      0.000000000     0.000000000
   371     0.047161666    -0.545732703      0.000000000     0.000000000
   372     0.071095741    -0.545848712      0.000000000     0.000000000
   373     0.095169899    -0.546024436      0.000000000     0.000000000
   374     0.119430833    -0.546253188      0.000000000     0.000000000
   375    -0.121201445    -0.571195147      0.000000000    -0.075000000
   376    -0.096795074    -0.570892996      0.000000000     0.000000000
   377    -0.072564493    -0.570637962      0.000000000     0.000000000
   378    -0.048465754    -0.570436732      0.000000000     0.000000000
   379    -0.024454910    -0.570294083      0.000000000     0.000000000
   380    -0.000488013    -0.570212881      0.000000000     0.000000000
   381     0.023478883    -0.570194083      0.000000000     0.000000000
   382     0.047489727    -0.570236732      0.000000000     0.000000000
   383     0.071588466    -0.570337962      0.000000000     0.000000000
   384     0.095819047    -0.570492996      0.000000000     0.000000000
   385     0.120225418    -0.570695147      0.000000000     0.000000000
   386    -0.121930492    -0.595766425      0.000000000    -0.075000000
   387    -0.097397791    -0.595489263      0.000000000     0.000000000
   388    -0.073029895    -0.595253665      0.000000000     0.000000000
   389    -0.048785600    -0.595066317      0.000000000     0.000000000
   390    -0.024623706    -0.594931998      0.000000000     0.000000000
   391    -0.000503013    -0.594853573      0.000000000     0.000000000
   392     0.023617680    -0.594831998      0.000000000     0.000000000
   393     0.047779573    -0.594866317      0.000000000     0.000000000
   394     0.072023868    -0.594953664      0.000000000     0.000000000
   395     0.096391764    -0.595089263      0.000000000     0.000000000
   396     0.120924465    -0.595266425      0.000000000     0.000000000
   397    -0.122569971    -0.620448511      0.000000000    -0.075000000
   398    -0.097928855    -0.620194726      0.000000000     0.000000000
   399    -0.073441557    -0.619977310      0.000000000     0.000000000
   400    -0.049069619    -0.619802949      0.000000000     0.000000000
   401    -0.024774590    -0.619676422      0.000000000     0.000000000
   402    -0.000518013    -0.619600594      0.000000000     0.000000000
   403     0.023738563    -0.619576422      0.000000000     0.000000000
   404     0.048033593    -0.619602949      0.000000000     0.000000000
   405     0.072405530    -0.619677310      0.000000000     0.000000000
   406     0.096892828    -0.619794726      0.000000000     0.000000000
   407     0.121533944    -0.619948511      0.000000000     0.000000000
   408    -0.123125854    -0.645224089      0.000000000    -0.075000000
   409    -0.098393043    -0.644992069      0.000000000     0.000000000
   410    -0.073803061    -0.644791581      0.000000000     0.000000000
   411    -0.049320201    -0.644629311      0.000000000     0.000000000
   412    -0.024908754    -0.644510038      0.000000000     0.000000000
   413    -0.000533013    -0.644436629      0.000000000     0.000000000
   414     0.023842727    -0.644410038      0.000000000     0.000000000
   415     0.048254174    -0.644429311      0.000000000     0.000000000
   416     0.072737035    -0.644491580      0.000000000     0.000000000
   417     0.097327016    -0.644592069      0.000000000     0.000000000
   418     0.122059827    -0.644724089      0.000000000     0.000000000
   419    -0.123604110    -0.670077036      0.000000000    -0.075000000
   420    -0.098795130    -0.669865169      0.000000000     0.000000000
   421    -0.074117992    -0.669680355      0.000000000     0.000000000
   422    -0.049539734    -0.669529281      0.000000000     0.000000000
   423    -0.025027394    -0.669416726      0.000000000     0.000000000
   424    -0.000548013    -0.669345556      0.000000000     0.000000000
   425     0.023931367    -0.669316726      0.000000000     0.000000000
   426     0.048443707    -0.669329281      0.000000000     0.000000000
   427     0.073021965    -0.669380355      0.000000000     0.000000000
   428     0.097699103    -0.669465169      0.000000000     0.000000000
   429     0.122508083    -0.669577036      0.000000000     0.000000000
   430    -0.124010711    -0.694992423      0.000000000    -0.075000000
   431    -0.099139894    -0.694799097      0.000000000     0.000000000
   432    -0.074389932    -0.694628703      0.000000000     0.000000000
   433    -0.049730606    -0.694487931      0.000000000     0.000000000
   434    -0.025131704    -0.694381557      0.000000000     0.000000000
   435    -0.000563013    -0.694312448      0.000000000     0.000000000
   436     0.024005677    -0.694281557      0.000000000     0.000000000
   437     0.048604579    -0.694287931      0.000000000     0.000000000
   438     0.073263905    -0.694328703      0.000000000     0.000000000
   439     0.098013867    -0.694399097      0.000000000     0.000000000
   440     0.122884684    -0.694492423      0.000000000     0.000000000
   441    -0.124351625    -0.719956513      0.000000000    -0.075000000
   442    -0.099432113    -0.719780115      0.000000000     0.000000000
   443    -0.074622463    -0.719622890      0.000000000     0.000000000
   444    -0.049895205    -0.719491527      0.000000000     0.000000000
   445    -0.025222876    -0.719390802      0.000000000     0.000000000
   446    -0.000578013    -0.719323576      0.000000000     0.000000000
   447     0.024066849    -0.719290802      0.000000000     0.000000000
   448     0.048739178    -0.719291527      0.000000000     0.000000000
   449     0.073466436    -0.719322890      0.000000000     0.000000000
   450     0.098276086    -0.719380115      0.000000000     0.000000000
   451     0.123195599    -0.719456512      0.000000000     0.000000000
   452    -0.124632825    -0.744956756      0.000000000    -0.075000000
   453    -0.099676567    -0.744795676      0.000000000     0.000000000
   454    -0.074819166    -0.744650370      0.000000000     0.000000000
   455    -0.050035911    -0.744527532      0.000000000     0.000000000
   456    -0.025302099    -0.744431929      0.000000000     0.000000000
   457    -0.000593013    -0.744366413      0.000000000     0.000000000
   458     0.024116072    -0.744331929      0.000000000     0.000000000
   459     0.048849885    -0.744327532      0.000000000     0.000000000
   460     0.073633140    -0.744350370      0.000000000     0.000000000
   461     0.098490540    -0.744395676      0.000000000     0.000000000
   462     0.123446798    -0.744456756      0.000000000     0.000000000
   463    -0.124860287    -0.769981790      0.000000000    -0.075000000
   464    -0.099878036    -0.769834415      0.000000000     0.000000000
   465    -0.074983617    -0.769699787      0.000000000     0.000000000
   466    -0.050155098    -0.769584604      0.000000000     0.000000000
   467    -0.025370553    -0.769493613      0.000000000     0.000000000
   468    -0.000608013    -0.769429638      0.000000000     0.000000000
   469     0.024154526    -0.769393613      0.000000000     0.000000000
   470     0.048939071    -0.769384604      0.000000000     0.000000000
   471     0.073767591    -0.769399787      0.000000000     0.000000000
   472     0.098662009    -0.769434415      0.000000000     0.000000000
   473     0.123644260    -0.769481790      0.000000000     0.000000000
   474    -0.125040005    -0.795021435      0.000000000    -0.075000000
   475    -0.100041314    -0.794886150      0.000000000     0.000000000
   476    -0.075119378    -0.794760972      0.000000000     0.000000000
   477    -0.050255111    -0.794652604      0.000000000     0.000000000
   478    -0.025429399    -0.794565744      0.000000000     0.000000000
   479    -0.000623013    -0.794503154      0.000000000     0.000000000
   480     0.024183372    -0.794465744      0.000000000     0.000000000
   481     0.049009084    -0.794452604      0.000000000     0.000000000
   482     0.073873351    -0.794460972      0.000000000     0.000000000
   483     0.098795287    -0.794486150      0.000000000     0.000000000
   484     0.123793978    -0.794521435      0.000000000     0.000000000
   485    -0.125178019    -0.820066688      0.000000000    -0.075000000
   486    -0.100171203    -0.819941873      0.000000000     0.000000000
   487    -0.075229981    -0.819824946      0.000000000     0.000000000
   488    -0.050338243    -0.819722606      0.000000000     0.000000000
   489    -0.025479761    -0.819639444      0.000000000     0.000000000
   490    -0.000638013    -0.819578103      0.000000000     0.000000000
   491     0.024203734    -0.819539444      0.000000000     0.000000000
   492     0.049062216    -0.819522606      0.000000000     0.000000000
   493     0.073953954    -0.819524946      0.000000000     0.000000000
   494     0.098895176    -0.819541873      0.000000000     0.000000000
   495     0.123901992    -0.819566687      0.000000000     0.000000000
   496    -0.125280469    -0.845109742      0.000000000    -0.075000000
   497    -0.100272536    -0.844993760      0.000000000     0.000000000
   498    -0.075318893    -0.844883929      0.000000000     0.000000000
   499    -0.050406694    -0.844786910      0.000000000     0.000000000
   500    -0.025522695    -0.844707083      0.000000000     0.000000000
   501    -0.000653013    -0.844646882      0.000000000     0.000000000
   502     0.024216668    -0.844607083      0.000000000     0.000000000
   503     0.049100667    -0.844586910      0.000000000     0.000000000
   504     0.074012867    -0.844583929      0.000000000     0.000000000
   505     0.098966509    -0.844593760      0.000000000     0.000000000
   506     0.123974442    -0.844609742      0.000000000     0.000000000
   507    -0.125353715    -0.870144056      0.000000000    -0.075000000
   508    -0.100350177    -0.870035236      0.000000000     0.000000000
   509    -0.075389469    -0.869931397      0.000000000     0.000000000
   510    -0.050462508    -0.869839073      0.000000000     0.000000000
   511    -0.025559160    -0.869762276      0.000000000     0.000000000
   512    -0.000668013    -0.869703124      0.000000000     0.000000000
   513     0.024223133    -0.869662276      0.000000000     0.000000000
   514     0.049126481    -0.869639073      0.000000000     0.000000000
   515     0.074053442    -0.869631397      0.000000000     0.000000000
   516     0.099014150    -0.869635236      0.000000000     0.000000000
   517     0.124017688    -0.869644056      0.000000000     0.000000000
   518    -0.125404523    -0.895164576      0.000000000    -0.075000000
   519    -0.100409014    -0.895061170      0.000000000     0.000000000
   520    -0.075444877    -0.894962224      0.000000000     0.000000000
   521    -0.050507542    -0.894873934      0.000000000     0.000000000
   522    -0.025590010    -0.894799786      0.000000000     0.000000000
   523    -0.000683013    -0.894741554      0.000000000     0.000000000
   524     0.024223983    -0.894699786      0.000000000     0.000000000
   525     0.049141515    -0.894673934      0.000000000     0.000000000
   526     0.074078850    -0.894662224      0.000000000     0.000000000
   527     0.099042987    -0.894661170      0.000000000     0.000000000
   528     0.124038496    -0.894664576      0.000000000     0.000000000
   529    -0.125440323    -0.920168333      0.000000000    -0.075000000
   530    -0.100453890    -0.920068426      0.000000000     0.000000000
   531    -0.075488104    -0.919973003      0.000000000     0.000000000
   532    -0.050543570    -0.919887563      0.000000000     0.000000000
   533    -0.025616094    -0.919815171      0.000000000     0.000000000
   534    -0.000698013    -0.919757521      0.000000000     0.000000000
   535     0.024220067    -0.919715171      0.000000000     0.000000000
   536     0.049147543    -0.919687563      0.000000000     0.000000000
   537     0.074092077    -0.919673003      0.000000000     0.000000000
   538     0.099057863    -0.919668426      0.000000000     0.000000000
   539     0.124044296    -0.919668333      0.000000000     0.000000000
   540    -0.125469216    -0.945155932      0.000000000    -0.075000000
   541    -0.100489484    -0.945057155      0.000000000     0.000000000
   542    -0.075522322    -0.944962565      0.000000000     0.000000000
   543    -0.050572802    -0.944876903      0.000000000     0.000000000
   544    -0.025638590    -0.944803832      0.000000000     0.000000000
   545    -0.000713013    -0.944745846      0.000000000     0.000000000
   546     0.024212563    -0.944703832      0.000000000     0.000000000
   547     0.049146775    -0.944676903      0.000000000     0.000000000
   548     0.074096295    -0.944662565      0.000000000     0.000000000
   549     0.099063457    -0.944657155      0.000000000     0.000000000
   550     0.124043189    -0.944655932      0.000000000     0.000000000
   551    -0.125498120    -0.970134424      0.000000000    -0.037500000
   552    -0.100520759    -0.970033340      0.000000000     0.000000000
   553    -0.075552388    -0.969932367      0.000000000     0.000000000
   554    -0.050599187    -0.969838454      0.000000000     0.000000000
   555    -0.025659689    -0.969758886      0.000000000     0.000000000
   556    -0.000728013    -0.969698479      0.000000000     0.000000000
   557     0.024203662    -0.969658886      0.000000000     0.000000000
   558     0.049143160    -0.969638454      0.000000000     0.000000000
   559     0.074096361    -0.969632367      0.000000000     0.000000000
   560     0.099064732    -0.969633340      0.000000000     0.000000000
   561     0.124042093    -0.969634424      0.000000000     0.000000000
                                            ___________     ___________
                              Summation     0.000000000     0.000000000

Element                    Element strain                                   Element Stress
number      1-direction     2-direction     3-direction      1-direction     2-direction     3-direction
      1    -0.067751164     0.010257389    -0.024402302   -213.210815713   -33.191077625   -28.156502166
      2    -0.045185886     0.004528571    -0.016717782   -144.485653603   -29.759981698   -19.289748139
      3    -0.030777898     0.002350064    -0.010894996    -99.141359753   -22.692215411   -12.571148704
      4    -0.017964511     0.001209233    -0.007874450    -58.027718130   -13.780616345    -9.085903352
      5    -0.005885489     0.000417926    -0.006442906    -18.989379698    -4.443037356    -7.434121747
      6     0.005994746    -0.000275115    -0.006303267     19.490805844     5.021897532    -7.273000152
      7     0.018059289    -0.001054989    -0.007445890     58.492721517    14.382850720    -8.591411355
      8     0.030830692    -0.002167201    -0.010148700     99.496257234    23.347274996   -11.710038286
      9     0.045136860    -0.004273139    -0.015573654    144.576652216    30.553578716   -17.969600432
     10     0.067175424    -0.009766274    -0.022896056    211.798490087    34.240726120   -26.418525668
     11    -0.064411630     0.019821512    -0.007150805   -192.742339051     1.641833689    -8.250928998
     12    -0.049464554     0.011381608    -0.016968521   -151.813424038   -11.399204530   -19.579062942
     13    -0.033271683     0.006452704    -0.015792324   -103.305070910   -11.633410113   -18.221912103
     14    -0.019456405     0.003455508    -0.014180739    -60.724460028    -7.850812853   -16.362391228
     15    -0.006510307     0.001218865    -0.013168021    -20.257080513    -2.420528790   -15.193870907
     16     0.006133175    -0.000811984    -0.012882719     19.416196228     3.388906208   -14.864675520
     17     0.019002474    -0.003083711    -0.013291645     59.595693533     8.627574087   -15.336512969
     18     0.032632789    -0.006157696    -0.014193329    101.490593163    11.974088897   -16.376918621
     19     0.048329420    -0.011156590    -0.014369567    148.293769361    11.018360412   -16.580269523
     20     0.063163823    -0.018646010    -0.005292473    189.791275404     0.999351461    -6.106699831
     21    -0.061316691     0.018766166    -0.005202001   -183.582994394     1.223599262    -6.002308680
     22    -0.048738773     0.014370511    -0.012420213   -146.464679428    -0.827871512   -14.331014596
     23    -0.034543688     0.009189756    -0.016328157   -104.791520560    -3.868188867   -18.840181489
     24    -0.020527980     0.005173470    -0.016994030    -62.558040580    -3.247000853   -19.608496182
     25    -0.007204644     0.001868381    -0.016824686    -21.903723553    -0.965974334   -19.413099645
     26     0.005863253    -0.001231671    -0.016387949     18.111268299     1.738367165   -18.909172233
     27     0.019055754    -0.004576707    -0.015654811     58.294753566     3.758304319   -18.063243459
     28     0.032770482    -0.008623051    -0.014012626     99.506264300     3.982727482   -16.168414975
     29     0.046682414    -0.013527091    -0.009517531    140.519626973     1.574615499   -10.981767011
     30     0.059317141    -0.017761672    -0.002182246    177.984524336     0.110340013    -2.517975987
     31    -0.059436746     0.018402259    -0.005459285   -177.745280113     1.883194436    -6.299174954
     32    -0.047249242     0.014451994    -0.011247392   -141.473550403     0.913917110   -12.977760396
     33    -0.034287960     0.010213842    -0.015534394   -102.935630166    -0.239163831   -17.924300309
     34    -0.021010798     0.006059677    -0.017715054    -63.273280022    -0.802953876   -20.440446719
     35    -0.007841590     0.002248846    -0.018242123    -23.627261695    -0.341641282   -21.048603829
     36     0.005178223    -0.001435966    -0.017685975     15.650880307     0.387366735   -20.406894805
     37     0.018212561    -0.005253191    -0.016045306     54.845946522     0.694209478   -18.513814293
     38     0.031286707    -0.009337126    -0.012841219     93.908470395     0.161162400   -14.816791266
     39     0.044096511    -0.013415161    -0.007706851    132.105372530    -0.613870479    -8.892519919
     40     0.056231700    -0.017180868    -0.001185161    168.387162695    -1.026455215    -1.367493760
     41    -0.057832035     0.017747401    -0.006155307   -173.102686777     1.311397591    -7.102277630
     42    -0.045894706     0.014104154    -0.011176100   -137.352065778     1.106843732   -12.895499733
     43    -0.033631151     0.010230252    -0.015186628   -100.754096030     0.464527047   -17.523032229
     44    -0.021071252     0.006288373    -0.017617820    -63.246394484    -0.108799009   -20.328253486
     45    -0.008415808     0.002390609    -0.018444159    -25.380082231    -0.442197906   -21.281722066
     46     0.004217934    -0.001461221    -0.017800608     12.460113368    -0.645630356   -20.539163167
     47     0.016791218    -0.005330943    -0.015710159     50.083303594    -0.967838969   -18.127106895
     48     0.029233636    -0.009189972    -0.012073535     87.285642612    -1.384222563   -13.931001529
     49     0.041394237    -0.012921728    -0.006930885    123.684787947    -1.659747241    -7.997175433
     50     0.053178110    -0.016451599    -0.000643351    159.041638282    -1.642305549    -0.742327567
     51    -0.056339685     0.017112790    -0.006777764   -168.810489107     0.695223588    -7.820496865
     52    -0.044724824     0.013580265    -0.011436734   -134.013443330     0.536762441   -13.196231186
     53    -0.032976968     0.009931967    -0.015071937    -98.892455707     0.128163452   -17.390696187
     54    -0.021033767     0.006178189    -0.017366256    -63.231791022    -0.434969151   -20.037987754
     55    -0.008967887     0.002389107    -0.018163522    -27.201609005    -0.993162094   -20.957910276
     56     0.003119862    -0.001393975    -0.017445674      8.906600762    -1.509946139   -20.129623924
     57     0.015143599    -0.005139591    -0.015223536     44.840841394    -1.966521528   -17.565618057
     58     0.027019027    -0.008801054    -0.011529748     80.369377069    -2.292348507   -13.303555120
     59     0.038667898    -0.012324862    -0.006475378    115.287162922    -2.388436524    -7.471590194
     60     0.050081621    -0.015721994    -0.000240500    149.555019926    -2.299476050    -0.277499448
     61    -0.054897660     0.016464295    -0.007258343   -164.697928252    -0.016493331    -8.375011193
     62    -0.043694868     0.013034818    -0.011699374   -131.157436560    -0.242778136   -13.499277163
     63    -0.032424239     0.009534464    -0.015034435    -97.463406617    -0.635630363   -17.347425093
     64    -0.021032792     0.005952993    -0.017098874    -63.451300628    -1.176411986   -19.729469498
     65    -0.009545782     0.002325541    -0.017763673    -29.169627099    -1.774266265   -20.496545262
     66     0.001968969    -0.001299753    -0.016972498      5.205637708    -2.337567445   -19.583651266
     67     0.013433481    -0.004876301    -0.014727845     39.463485469    -2.789857077   -16.993666863
     68     0.024775765    -0.008360704    -0.011077444     73.409517671    -3.059255663   -12.781665823
     69     0.035946368    -0.011729029    -0.006107647    106.904371383    -3.115776069    -7.047284528
     70     0.046944635    -0.014994266     0.000103404    139.933040014    -3.002887475     0.119312121
     71    -0.053496231     0.015818084    -0.007598630   -160.716941575    -0.760829522    -8.767649498
     72    -0.042760829     0.012495873    -0.011877837   -128.611208433    -1.095742501   -13.705196095
     73    -0.031970155     0.009126599    -0.014983695    -96.369808775    -1.531146516   -17.288878434
     74    -0.021098977     0.005701435    -0.016839433    -63.918286129    -2.071179701   -19.430115219
     75    -0.010160781     0.002243745    -0.017361825    -31.277992307    -2.652161445   -20.032875353
     76     0.000799105    -0.001207467    -0.016503207      1.440215161    -3.190335680   -19.042161375
     77     0.011721443    -0.004610537    -0.014259762     34.082246853    -3.606936130   -16.453571308
     78     0.022549904    -0.007931634    -0.010664514     66.495871164    -3.846139406   -12.305208591
     79     0.033245981    -0.011153617    -0.005767628     98.571086583    -3.889524192    -6.654955423
     80     0.043800926    -0.014278065     0.000398624    130.277492734    -3.750946153     0.459951030
     81    -0.052132352     0.015177448    -0.007821509   -156.854233587    -1.523925671    -9.024817706
     82    -0.041891007     0.011972950    -0.011959386   -126.260842430    -1.959403051   -13.799291141
     83    -0.031587950     0.008732234    -0.014889040    -95.499822127    -2.453245261   -17.179661155
     84    -0.021221111     0.005454986    -0.016578083    -64.564664195    -3.004440580   -19.128557541
     85    -0.010805101     0.002159676    -0.016980324    -33.485268777    -3.566553444   -19.592681683
     86    -0.000373492    -0.001123190    -0.016064178     -2.342140158    -4.072212474   -18.535590394
     87     0.010029224    -0.004360678    -0.013824243     28.750616391    -4.456848909   -15.951049191
     88     0.020358914    -0.007525546    -0.010277816     59.674450302    -4.674303571   -11.859018432
     89     0.030582132    -0.010600900    -0.005450442     90.335810204    -4.701957495    -6.288971404
     90     0.040682097    -0.013577745     0.000645165    120.688264649    -4.526755327     0.744421072
     91    -0.050802146     0.014545926    -0.007948192   -153.093520842    -2.290278710    -9.170990878
     92    -0.041062695     0.011466076    -0.011954775   -124.031446889    -2.811206973   -13.793970859
     93    -0.031250159     0.008355400    -0.014743614    -94.758919408    -3.361474732   -17.011862352
     94    -0.021377435     0.005220540    -0.016303806    -65.311889515    -3.931948146   -18.812084286
     95    -0.011463307     0.002078503    -0.016612563    -35.735460309    -4.485129429   -19.168341365
     96    -0.001536386    -0.001046144    -0.015651907     -6.099656458    -4.968330119   -18.059892329
     97     0.008367781    -0.004126895    -0.013417244     23.504546565    -5.329320620   -15.481435477
     98     0.018212997    -0.007140375    -0.009916453     52.980939323    -5.526843321   -11.442060600
     99     0.027968679    -0.010068380    -0.005161617     82.246697475    -5.531130276    -5.955712002
    100     0.037613072    -0.012895398     0.000841604    111.245450162    -5.312557722     0.971081041
    101    -0.049499006     0.013925356    -0.007995305   -149.411207521    -3.047295223    -9.225351810
    102    -0.040258779     0.010973700    -0.011878067   -121.868140449    -3.639342811   -13.705461465
    103    -0.030934168     0.007994020    -0.014549917    -94.074598964    -4.240318952   -16.788365760
    104    -0.021546562     0.004997600    -0.016009806    -66.089940144    -4.834182441   -18.472853038
    105    -0.012118565     0.002001169    -0.016248450    -37.972135070    -5.388134831   -18.748211379
    106    -0.002677224    -0.000974090    -0.015257188     -9.789399023    -5.859090316   -17.604448138
    107     0.006746603    -0.003905524    -0.013033425     18.378943112    -6.202889017   -15.038567152
    108     0.016121354    -0.006771739    -0.009580847     46.449996637    -6.380216846   -11.054824001
    109     0.025418217    -0.009553432    -0.004905577     74.347869788    -6.355934303    -5.660280863
    110     0.034612886    -0.012231770     0.000988601    102.011061915    -6.091991408     1.140693580
    111    -0.048214506     0.013316834    -0.007975106   -145.778425733    -3.783026165    -9.202045089
    112    -0.039465528     0.010494295    -0.011741435   -119.727164077    -4.435263705   -13.547809322
    113    -0.030622215     0.007645382    -0.014313081    -93.390991437    -5.081151063   -16.515093199
    114    -0.021710349     0.004784130    -0.015693494    -66.841021822    -5.699916527   -18.107877846
    115    -0.012755202     0.001927424    -0.015880852    -40.143871631    -6.260888495   -18.324059712
    116    -0.003783664    -0.000905262    -0.014872493    -13.368930719    -6.726464393   -17.160569088
    117     0.005175595    -0.003693302    -0.012668103     13.409684919    -7.057001766   -14.617042262
    118     0.014093493    -0.006416266    -0.009270353     40.116307317    -7.213906676   -10.696561279
    119     0.022942295    -0.009054240    -0.004683461     66.679197956    -7.158959280    -5.403993172
    120     0.031696532    -0.011586979     0.001088606     93.034413152    -6.850613403     1.256083852
    121    -0.046939533     0.012720987    -0.007896877   -142.164518320    -4.486394233    -9.111781328
    122    -0.038671401     0.010026864    -0.011554378   -117.571456654    -5.190846304   -13.331975122
    123    -0.030300270     0.007307469    -0.014038513    -92.663834000    -5.876741848   -16.198284095
    124    -0.021854016     0.004578398    -0.015354948    -67.518120683    -6.520241986   -17.717248266
    125    -0.013359539     0.001856799    -0.015506041    -42.206041963    -7.091414364   -17.891586075
    126    -0.004844012    -0.000838611    -0.014492988    -16.798666864    -7.555432666   -16.722678173
    127     0.003664788    -0.003488181    -0.012317643      8.631870464    -7.874981978   -14.212665310
    128     0.012139000    -0.006071942    -0.008983214     34.013463208    -8.011788523   -10.365247452
    129     0.020551492    -0.008569746    -0.004493969     59.276597568    -7.926257511    -5.185349119
    130     0.028876309    -0.010960901     0.001145229     84.356172272    -7.575851807     1.321417549
    131    -0.045665190     0.012138208    -0.007768058   -138.539761973    -5.147303610    -8.963144274
    132    -0.037866485     0.009570864    -0.011324291   -115.368875235    -5.898071128   -13.066489085
    133    -0.029957024     0.006979061    -0.013731147    -91.857052084    -6.619931887   -15.843631168
    134    -0.021965591     0.004379266    -0.014995637    -68.082893119    -7.287070404   -17.302657787
    135    -0.013919991     0.001788887    -0.015122630    -44.120850020    -7.869594006   -17.449188748
    136    -0.005847724    -0.000773638    -0.014115922    -20.043348403    -8.333917412   -16.287602030
    137     0.002223723    -0.003289088    -0.011979285      4.078012519    -8.643858945   -13.822252230
    138     0.010267027    -0.005737729    -0.008717086     28.172664966    -8.761388329   -10.058176724
    139     0.018255357    -0.008099389    -0.004334457     52.172112029    -8.646532847    -5.001296409
    140     0.026162569    -0.010353346     0.001162638     76.010655166    -8.256842644     1.341505238
    141    -0.044383341     0.011568770    -0.007594989   -134.877065854    -5.756809490    -8.763448306
    142    -0.037042263     0.009126057    -0.011057139   -113.091580813    -6.549304538   -12.758237725
    143    -0.029583227     0.006659500    -0.013395328    -90.940802173    -7.303740842   -15.456147477
    144    -0.022035352     0.004186067    -0.014617604    -68.503949768    -7.992983711   -16.866466379
    145    -0.014426906     0.001723386    -0.014730547    -45.856779355    -8.586875556   -16.996785356
    146    -0.006785641    -0.000710167    -0.013739837    -23.072609198    -9.052283583   -15.853657821
    147     0.000861001    -0.003095547    -0.011650906     -0.223066491    -9.353561438   -13.443352519
    148     0.008485892    -0.005413154    -0.008469444     22.621799093    -9.452923355    -9.772435182
    149     0.016062326    -0.007642884    -0.004201719     45.393828476    -9.310502221    -4.848137484
    150     0.023564082    -0.009764128     0.001145176     68.026956446    -8.884296016     1.321357351
    151    -0.043086896     0.011012883    -0.007383323   -131.152849871    -6.307205252    -8.519218382
    152    -0.036191523     0.008692371    -0.010757977   -110.715862975    -7.137644893   -12.413050116
    153    -0.029171297     0.006348463    -0.013034884    -89.890411039    -7.921733069   -15.040250739
    154    -0.022055418     0.003998433    -0.014223045    -68.755674440    -8.631402001   -16.411205552
    155    -0.014872364     0.001660084    -0.014330360    -47.387929104    -9.236126870   -16.535030363
    156    -0.007650049    -0.000648186    -0.013363992    -25.861005569    -9.702859042   -15.419990843
    157    -0.000415954    -0.002907395    -0.011330813     -4.246722585    -9.996202342   -13.074015083
    158     0.006802836    -0.005098030    -0.008237812     17.384925547   -10.078611697    -9.505167340
    159     0.013979644    -0.007200081    -0.004092432     38.965778099    -9.910508070    -4.722036956
    160     0.021088204    -0.009193079     0.001097140     60.429493724    -9.450390330     1.265930697
    161    -0.041769928     0.010470725    -0.007138246   -127.347396443    -6.792044967    -8.236437720
    162    -0.035308306     0.008269822    -0.010431254   -108.222064198    -7.657153113   -12.036062146
    163    -0.028715099     0.006045810    -0.012653234    -88.685787906    -8.468307280   -14.599884896
    164    -0.022019475     0.003816166    -0.013814105    -68.817443767    -9.196733873   -15.939351610
    165    -0.015249987     0.001598832    -0.013922895    -48.693420467    -9.811530676   -16.064878928
    166    -0.008434642    -0.000587746    -0.012988018    -28.387799863   -10.279577752   -14.986174192
    167    -0.001600972    -0.002724605    -0.011017608     -7.972595916   -10.565594940   -12.712624380
    168     0.005223917    -0.004792293    -0.008019864     12.482075723   -10.632255206    -9.253689456
    169     0.012013332    -0.006770891    -0.004003362     32.907906376   -10.440301497    -4.619263844
    170     0.018740972    -0.008640059     0.001022668     53.238311082    -9.948683140     1.180001168
    171    -0.040427690     0.009942451    -0.006864580   -123.444905738    -7.206119830    -7.920669357
    172    -0.034387865     0.007858461    -0.010081001   -105.594484887    -8.102963945   -11.631924101
    173    -0.028209800     0.005751487    -0.012253472    -87.311056708    -8.938854880   -14.138621230
    174    -0.021922588     0.003639160    -0.013392808    -68.673099514    -9.684450520   -15.453239926
    175    -0.015554788     0.001539526    -0.013509054    -49.756912422   -10.308495361   -15.587370217
    176    -0.009134447    -0.000528914    -0.012611726    -30.636664041   -10.777740909   -14.551990969
    177    -0.002689143    -0.002547201    -0.010710088    -11.384515824   -11.056957524   -12.357793584
    178     0.003753984    -0.004495926    -0.007813450      7.929251175   -11.109002535    -9.015519585
    179     0.010168202    -0.006355252    -0.003931449     27.236131570   -10.894915436    -4.536287155
    180     0.016527171    -0.008104940     0.000925693     46.469305254   -10.374028997     1.068107350
    181    -0.039056593     0.009428204    -0.006566834   -119.433400763    -7.545409365    -7.577116157
    182    -0.033426617     0.007458353    -0.009710926   -102.821245447    -8.471313564   -11.204914226
    183    -0.027651779     0.005465489    -0.011838433    -85.754281578    -9.329817869   -13.659730266
    184    -0.021761079     0.003467357    -0.012961038    -68.310566297   -10.091098032   -14.955043620
    185    -0.015783047     0.001482096    -0.013089727    -50.566212835   -10.723576901   -15.103530669
    186    -0.009745740    -0.000471749    -0.012235014    -32.595377243   -11.193861102   -14.117323571
    187    -0.003676764    -0.002375214    -0.010407191    -14.470313982   -11.466736667   -12.008297551
    188     0.002396701    -0.004208924    -0.007616588      3.738539576   -11.505210297    -8.788370859
    189     0.008447883    -0.005953107    -0.003873828     21.962475389   -11.270577762    -4.469801522
    190     0.014450396    -0.007587611     0.000809927     40.134437060   -10.722500872     0.934531010
    191    -0.037654153     0.008928116    -0.006249232   -115.304563800    -7.807020981    -7.210652818
    192    -0.032422086     0.007069572    -0.009324468    -99.894114503    -8.759518953   -10.759001119
    193    -0.027038541     0.005187828    -0.011410733    -84.007229519    -9.638686080   -13.166229950
    194    -0.021532423     0.003300731    -0.012520540    -67.721549445   -10.414272993   -14.446777476
    195    -0.015932212     0.001426493    -0.012665758    -51.112958578   -11.054409717   -14.614336078
    196    -0.010265958    -0.000416298    -0.011857820    -34.255542181   -11.525556776   -13.682100168
    197    -0.004561284    -0.002208672    -0.010107961    -17.221602041   -11.792495350   -11.663031379
    198     0.001154599    -0.003931280    -0.007427449     -0.081707220   -11.818351196    -8.570132997
    199     0.006854878    -0.005564404    -0.003827827     17.095240780   -11.564639639    -4.416724037
    200     0.012513113    -0.007087966     0.000678856     34.241945148   -10.991314416     0.783295201
    201    -0.036218936     0.008442313    -0.005915733   -111.053545088    -7.989125559    -6.825845784
    202    -0.031372846     0.006692187    -0.008924829    -96.808317781    -8.965933146   -10.297879814
    203    -0.026368653     0.004918527    -0.010972795    -82.065148511    -9.863962804   -12.660917730
    204    -0.021235168     0.003139268    -0.012072935    -66.901276721   -10.652579547   -13.930309375
    205    -0.016000816     0.001372686    -0.012237940    -51.392341400   -11.299643969   -14.120699916
    206    -0.010693627    -0.000362592    -0.011480100    -35.612324046   -11.771473951   -13.246269752
    207    -0.005341230    -0.002047590    -0.009811520    -19.633540295   -12.032832939   -11.320984819
    208     0.000029139    -0.003662981    -0.007244339     -3.526666360   -12.046942308    -8.358853107
    209     0.005390623    -0.005189091    -0.003790958     12.639214969   -11.775508987    -4.374181784
    210     0.010716730    -0.006605908     0.000535747     28.796562659   -11.178755256     0.618170051
    211    -0.034750498     0.007970912    -0.005570039   -106.678762523    -8.090892756    -6.426967934
    212    -0.030278457     0.006326271    -0.008514995    -93.562338891    -9.089890086    -9.824994690
    213    -0.025641673     0.004657617    -0.010526874    -79.926553862   -10.005115897   -12.146392549
    214    -0.020868864     0.002982967    -0.011619723    -65.848264985   -10.805578318   -13.407372329
    215    -0.015988399     0.001320657    -0.011807009    -51.402863166   -11.458886867   -13.623472228
    216    -0.011028281    -0.000310653    -0.011101819    -36.664208728   -11.931221336   -12.809790844
    217    -0.006016138    -0.001891979    -0.009517063    -21.704608778   -12.187319356   -10.981226332
    218    -0.000979228    -0.003404011    -0.007065690     -6.594827289   -12.190481186    -8.152719552
    219     0.004055553    -0.004827117    -0.003760898      8.595882533   -11.902585808    -4.339498129
    220     0.009061655    -0.006141343     0.000383657     23.799733437   -11.284109455     0.442681454
    221    -0.033249324     0.007514028    -0.005215609   -102.181700395    -8.112427589    -6.018010874
    222    -0.029139408     0.005971890    -0.008097748    -90.157718819    -9.131646060    -9.343555711
    223    -0.024858088     0.004405128    -0.010075061    -77.593020824   -10.062523215   -11.625070690
    224    -0.020433994     0.002831833    -0.011162298    -64.564102277   -10.873732257   -12.879575012
    225    -0.015895439     0.001270396    -0.011373650    -51.146110298   -11.532646193   -13.123442210
    226    -0.011270394    -0.000260493    -0.010722943    -37.412776337   -12.005311429   -12.372626554
    227    -0.006586485    -0.001741840    -0.009223841    -23.436385258   -12.256435046   -10.642892963
    228    -0.001870987    -0.003154351    -0.006890043     -9.287775098   -12.249384911    -7.950049447
    229     0.002849166    -0.004478430    -0.003735490      4.963639236   -11.946198800    -4.310180434
    230     0.007547368    -0.005694181     0.000225438     19.249824650   -11.307597101     0.260120518
    231    -0.031716766     0.007071768    -0.004855670    -97.566710550    -8.054708835    -5.602695977
    232    -0.027957054     0.005629112    -0.007675678    -86.598857790    -9.092320827    -8.856551114
    233    -0.024019253     0.004161093    -0.009619305    -75.068983170   -10.037416474   -11.099197876
    234    -0.019931912     0.002685874    -0.010701956    -63.053240661   -10.858351694   -12.348410501
    235    -0.015723286     0.001221896    -0.010938496    -50.626541572   -11.522274995   -12.621341731
    236    -0.011421319    -0.000212119    -0.010343444    -37.862486840   -11.995104109   -11.934742532
    237    -0.007053626    -0.001597171    -0.008931159    -24.833331596   -12.241513251   -10.305183724
    238    -0.002647500    -0.002913979    -0.006716042    -11.609978879   -12.224930560    -7.749279161
    239     0.001770088    -0.004142981    -0.003712722      1.738001666   -11.907543456    -4.283909677
    240     0.006172475    -0.005264336     0.000063746     15.142333790   -11.250308862     0.073552933
    241    -0.030154986     0.006644239    -0.004493220    -92.840817511    -7.919529378    -5.184484672
    242    -0.026733556     0.005298002    -0.007251190    -82.892821290    -8.973839752    -8.366758067
    243    -0.023127330     0.003925545    -0.009161411    -72.361537720    -9.931825308   -10.570859026
    244    -0.019364779     0.002545100    -0.010239895    -61.322797569   -10.761539599   -11.815263519
    245    -0.015474104     0.001175156    -0.010502136    -49.851286113   -11.429917023   -12.117848807
    246    -0.011483217    -0.000165536    -0.009963292    -38.020475814   -11.902751414   -11.496106250
    247    -0.007419728    -0.001457969    -0.008638374    -25.902588777   -12.144683473    -9.967355070
    248    -0.003310943    -0.002682874    -0.006542429    -13.568587238   -12.119196895    -7.548957023
    249     0.000816132    -0.003820722    -0.003690727     -1.088189737   -11.788621987    -4.258531682
    250     0.004934778    -0.004851724    -0.000098949     11.470089012   -11.114145261    -0.114172014
    251    -0.028566899     0.006231540    -0.004131043    -88.013528499    -7.709438563    -4.766588264
    252    -0.025471829     0.004978623    -0.006826518    -79.049151203    -8.778877412    -7.876752084
    253    -0.022185233     0.003698518    -0.008703055    -69.480254933    -9.748522256   -10.041986494
    254    -0.018735508     0.002409524    -0.009777228    -59.382364607   -10.586137521   -11.281416548
    255    -0.015150805     0.001130177    -0.010065112    -48.829949930   -11.258452895   -11.613590786
    256    -0.011459005    -0.000120745    -0.009582462    -37.896359074   -11.731143173   -11.056686875
    257    -0.007687712    -0.001324227    -0.008344889    -26.653780452   -11.968815986    -9.628717619
    258    -0.003864243    -0.002461013    -0.006368039    -15.173231775   -11.935007459    -7.347737478
    259    -0.000015640    -0.003511604    -0.003667776     -3.524575202   -11.592185269    -4.232049530
    260     0.003831323    -0.004456264    -0.000260358      8.223442355   -10.901758502    -0.300412791
    261    -0.026956114     0.005833769    -0.003771714    -83.096649010    -7.427686544    -4.351977461
    262    -0.024175481     0.004671034    -0.006403727    -75.079682586    -8.510802871    -7.388915624
    263    -0.021196568     0.003480043    -0.008245785    -66.436995666    -9.490969018    -9.514367322
    264    -0.018047707     0.002279158    -0.009314981    -57.243823304   -10.335672523   -10.748055129
    265    -0.014756999     0.001086961    -0.009627928    -47.574430175   -11.011447170   -11.109147185
    266    -0.011352296    -0.000077747    -0.009200928    -37.502045457   -11.483853642   -10.616455380
    267    -0.007861195    -0.001195940    -0.008050149    -27.098824731   -11.717467598    -9.288633589
    268    -0.004311025    -0.002248375    -0.006191793    -16.435838662   -11.675875341    -7.144376167
    269    -0.000728862    -0.003215584    -0.003642268     -5.583087956   -11.321676933    -4.202616731
    270     0.002858468    -0.004077878    -0.000418364      5.390455705   -10.616496650    -0.482727286
    271    -0.025326884     0.005451020    -0.003417606    -78.104104498    -7.078170683    -3.943391734
    272    -0.022848759     0.004375294    -0.005984720    -70.998366480    -8.173626741    -6.905446193
    273    -0.020165585     0.003270152    -0.007791030    -63.245734213    -9.163264187    -8.989649825
    274    -0.017305625     0.002154015    -0.008854103    -54.921167655   -10.014305356   -10.216272602
    275    -0.014296936     0.001045508    -0.009191045    -46.098736721   -10.693096589   -10.605052249
    276    -0.011167344    -0.000036541    -0.008818667    -36.851557347   -11.165089403   -10.175384728
    277    -0.007944435    -0.001073101    -0.007753646    -27.251753933   -11.394828926    -8.946514612
    278    -0.004655554    -0.002044938    -0.006012695    -17.370448189   -11.345949803    -6.937725542
    279    -0.001327807    -0.002932616    -0.003612727     -7.277774303   -10.981179635    -4.168530894
    280     0.002011928    -0.003716491    -0.000571016      2.957079519   -10.262350084    -0.658864706
    281    -0.023684051     0.005083382    -0.003070902    -73.051768565    -6.665383993    -3.543348598
    282    -0.021496505     0.004091460    -0.005571249    -66.821099057    -7.771950079    -6.428364115
    283    -0.019097120     0.003068875    -0.007340103    -59.922387798    -8.770092611    -8.469349756
    284    -0.016514100     0.002034107    -0.008395465    -52.430333407    -9.626780113    -9.687074446
    285    -0.013775456     0.001005822    -0.008754891    -44.418820864   -10.308179743   -10.101797267
    286    -0.010908989     0.000002873    -0.008435657    -35.960858677   -10.779638779    -9.733450048
    287    -0.007942280    -0.000955704    -0.007454910    -27.128542036   -11.005673394    -8.601819739
    288    -0.004902684    -0.001850684    -0.005829833    -17.993042058   -10.949964883    -6.726730790
    289    -0.001817337    -0.002662659    -0.003577797     -8.624621280   -10.575363501    -4.128227675
    290     0.001286831    -0.003372032    -0.000716523      0.907324357    -9.843900117    -0.826757641
    291    -0.022032996     0.004730941    -0.002733599    -67.957297925    -6.194365681    -3.154152858
    292    -0.020124094     0.003819584    -0.005164917    -62.565557307    -7.310915217    -5.959520121
    293    -0.017996550     0.002876240    -0.006894209    -56.484652635    -8.316676506    -7.954856195
    294    -0.015678507     0.001919445    -0.007939865    -49.789034121    -9.178375533    -9.161382360
    295    -0.013197936     0.000967905    -0.008319855    -42.552411097    -9.862008388    -9.599832720
    296    -0.010582614     0.000040495    -0.008051878    -34.847690265   -10.332822986    -9.290628745
    297    -0.007860116    -0.000843742    -0.007153513    -26.746939632   -10.555308128    -8.254053512
    298    -0.005057807    -0.001665592    -0.005642369    -18.321378209   -10.493190070    -6.510425891
    299    -0.002202854    -0.002405673    -0.003536238     -9.641391708   -10.109436735    -4.080274887
    300     0.000677769    -0.003044432    -0.000853246     -0.776574713    -9.366269751    -0.984514238
    301    -0.020379593     0.004393780    -0.002407518    -62.839974305    -5.670653780    -2.777905861
    302    -0.018737398     0.003559718    -0.004767189    -58.251041423    -6.796158546    -5.500602840
    303    -0.016869743     0.002692275    -0.006454446    -52.951846694    -7.808728441    -7.447437298
    304    -0.014804716     0.001810041    -0.007488033    -47.016604106    -8.674858113    -8.640038188
    305    -0.012570247     0.000931759    -0.007886294    -40.518855965    -9.360380590    -9.099570282
    306    -0.010194093     0.000076325    -0.007667314    -33.531412403    -9.830449186    -8.846900541
    307    -0.007703819    -0.000737211    -0.006849062    -26.126316225   -10.049526852    -7.902764026
    308    -0.005126806    -0.001489644    -0.005449539    -18.374832960    -9.981383068    -6.287929736
    309    -0.002490246    -0.002161619    -0.003486918    -10.347466453    -9.589098357    -4.023366694
    310     0.000178841    -0.002733625    -0.000979689     -2.114000737    -8.835076534    -1.130410460
    311    -0.018730160     0.004071975    -0.002094313    -57.720553276    -5.100239860    -2.416514749
    312    -0.017342731     0.003311911    -0.004379393    -53.898323915    -6.233765294    -5.053146266
    313    -0.015723012     0.002517007    -0.006021813    -49.344759246    -7.252406247    -6.948245969
    314    -0.013899039     0.001705906    -0.007040633    -44.133848315    -8.122437156    -8.123807735
    315    -0.011898704     0.000897385    -0.007454533    -38.338974065    -8.809535823    -8.601384728
    316    -0.009749742     0.000110364    -0.007281948    -32.032854718    -9.278765560    -8.402247430
    317    -0.007479713    -0.000636104    -0.006541202    -25.287509788    -9.494564866    -7.547540948
    318    -0.005116009    -0.001322823    -0.005250650    -18.174250302    -9.420744663    -6.058442239
    319    -0.002685849    -0.001930462    -0.003428809    -10.763693679    -9.020493037    -3.956317842
    320    -0.000216296    -0.002439549    -0.001094498     -3.125804448    -8.256387464    -1.262882398
    321    -0.017091421     0.003765603    -0.001795475    -52.621119846    -4.489525754    -2.071701716
    322    -0.015946812     0.003076208    -0.004002732    -49.529505368    -5.630226253    -4.618537225
    323    -0.014563075     0.002350461    -0.005597215    -45.685507258    -6.654269905    -6.458325513
    324    -0.012968194     0.001607049    -0.006598267    -41.162899345    -7.527721842    -7.613384531
    325    -0.011190026     0.000864787    -0.007024867    -36.034911335    -8.216112164    -8.105615749
    326    -0.009256283     0.000142611    -0.006895766    -30.374173351    -8.684418504    -7.956653548
    327    -0.007194522    -0.000540417    -0.006229612    -24.252683545    -8.897056156    -7.188013466
    328    -0.005032145    -0.001165112    -0.005045075    -17.741798182    -8.817875705    -5.821240431
    329    -0.002796398    -0.001712165    -0.003360984    -10.912244859    -8.410167959    -3.878057929
    330    -0.000514386    -0.002162143    -0.001196450     -3.834160551    -7.636675891    -1.380518666
    331    -0.015470455     0.003474734    -0.001512345    -47.564950325    -3.845282164    -1.745013218
    332    -0.014556719     0.002852656    -0.003638286    -45.167876657    -4.992396421    -4.198022843
    333    -0.013397009     0.002192660    -0.005181467    -41.997398712    -6.021240456    -5.978615241
    334    -0.012019259     0.001513481    -0.006161474    -38.127081699    -6.897680414    -7.109393481
    335    -0.010451291     0.000833965    -0.006597560    -33.630005734    -7.587105643    -7.612569668
    336    -0.008720797     0.000173068    -0.006508758    -28.578715542    -8.054412015    -7.510104994
    337    -0.006855331    -0.000450145    -0.005914002    -23.045190011    -8.263992663    -6.823848245
    338    -0.004882304    -0.001016496    -0.004832251    -17.100831695    -8.179736146    -5.575674562
    339    -0.002828989    -0.001506696    -0.003282609    -10.816477228    -7.765031629    -3.787625714
    340    -0.000722532    -0.001901350    -0.001284446     -4.262430312    -6.982780264    -1.482052902
    341    -0.013874666     0.003199435    -0.001246119    -42.576379563    -3.174608862    -1.437829082
    342    -0.013179850     0.002641294    -0.003287022    -40.837787472    -4.327455482    -3.792717908
    343    -0.012232212     0.002043627    -0.004775295    -38.304803126    -5.360561015    -5.509955810
    344    -0.011059634     0.001425211    -0.005730742    -35.050783479    -6.239601579    -6.612394200
    345    -0.009689903     0.000804922    -0.006172852    -31.148659238    -6.929831800    -7.122521005
    346    -0.008150690     0.000201733    -0.006120911    -26.670891509    -7.396069208    -7.062589764
    347    -0.006469546    -0.000365284    -0.005594115    -21.689442395    -7.602685648    -6.454747616
    348    -0.004673894    -0.000876959    -0.004611676    -16.275763332    -7.513606112    -5.321164401
    349    -0.002791036    -0.001314025    -0.003192942    -10.500802416    -7.092314486    -3.684163562
    350    -0.000848157    -0.001657119    -0.001357509     -4.435029601    -6.301864454    -1.566356448
    351    -0.012311734     0.002939769    -0.000997855    -37.680672039    -2.484896069    -1.151371350
    352    -0.011823887     0.002442162    -0.002949797    -36.564521572    -3.642870265    -3.403611784
    353    -0.011076367     0.001903383    -0.004379348    -34.633030140    -4.679760209    -5.053093613
    354    -0.010097006     0.001342247    -0.005306499    -31.959335469    -5.561058267    -6.122883365
    355    -0.008913550     0.000777659    -0.005750952    -28.616216154    -6.251889235    -6.635713728
    356    -0.007553651     0.000228607    -0.005732218    -24.676052726    -6.716995611    -6.614098243
    357    -0.006044858    -0.000285830    -0.005269722    -20.210793471    -6.920728880    -6.080448758
    358    -0.004414609    -0.000746489    -0.004382903    -15.291941165    -6.827048886    -5.057196283
    359    -0.002690234    -0.001134121    -0.003091324     -9.990561545    -6.399531233    -3.566912172
    360    -0.000898962    -0.001429396    -0.001414774     -4.377300925    -5.601379187    -1.632431281
    361    -0.010789586     0.002695794    -0.000768484    -32.903895027    -1.783786489    -0.886712654
    362    -0.010496758     0.002255298    -0.002627364    -32.374181367    -2.946359963    -3.031573899
    363    -0.009937411     0.001771949    -0.003994191    -31.008218670    -3.986619029    -4.608682444
    364    -0.009139312     0.001264598    -0.004889122    -28.878896782    -4.869873890    -5.641294515
    365    -0.008130169     0.000752176    -0.005332047    -26.058844105    -5.561124315    -6.152361900
    366    -0.006937620     0.000253690    -0.005342675    -22.620373262    -6.025042927    -6.164625500
    367    -0.005589211    -0.000211779    -0.004940629    -18.635421777    -6.225962724    -5.700725787
    368    -0.004112392    -0.000625071    -0.004145546    -14.175537840    -6.127875723    -4.783322306
    369    -0.002534525    -0.000966957    -0.002977179     -9.311909210    -5.694445084    -3.435205970
    370    -0.000882893    -0.001218136    -0.001455483     -4.115387420    -4.889023931    -1.679403160
    371    -0.009316351     0.002467567    -0.000558813    -28.272793519    -1.079137990    -0.644783826
    372    -0.009206610     0.002080737    -0.002320375    -28.293590854    -2.245866960    -2.677355567
    373    -0.008823500     0.001649343    -0.003620308    -27.457242906    -3.289143583    -4.177278298
    374    -0.008194705     0.001192271    -0.004478926    -25.836343835    -4.174091164    -5.167991729
    375    -0.007347910     0.000728476    -0.004916296    -23.503407152    -4.865594443    -5.672649182
    376    -0.006310748     0.000276983    -0.004952288    -20.530724638    -5.328269703    -5.714178274
    377    -0.005110764    -0.000143123    -0.004606679    -16.990223959    -5.526436794    -5.315399226
    378    -0.003775408    -0.000512692    -0.003899276    -12.953458118    -5.424112537    -4.499164971
    379    -0.002332068    -0.000812507    -0.002850007     -8.491715018    -4.985035330    -3.288469832
    380    -0.000808098    -0.001023292    -0.001478979     -3.676107318    -4.172708860    -1.706514500
    381    -0.007900326     0.002255138    -0.000369530    -23.814674347    -0.378989270    -0.426380671
    382    -0.007961793     0.001918510    -0.002029372    -24.350241941    -1.549541195    -2.341583227
    383    -0.007742995     0.001535582    -0.003258076    -24.007649517    -2.595549710    -3.759318620
    384    -0.007271523     0.001125268    -0.004076150    -22.859153123    -3.481942949    -4.703250114
    385    -0.006575083     0.000706556    -0.004503830    -20.977304695    -4.173523220    -5.196726421
    386    -0.005681351     0.000298489    -0.004561087    -18.434520115    -4.634890168    -5.262792847
    387    -0.004617866    -0.000079851    -0.004267781    -15.302708924    -4.830365626    -4.924362212
    388    -0.003412031    -0.000409328    -0.003643843    -11.653283288    -4.723969081    -4.204434112
    389    -0.002091222    -0.000670740    -0.002709389     -7.557507425    -4.279472937    -3.126218304
    390    -0.000682892    -0.000844823    -0.001484700     -3.086832784    -3.460518347    -1.713115111
    391    -0.006549957     0.002058554    -0.000201215    -19.557332022     0.308461512    -0.232170827
    392    -0.006770873     0.001768649    -0.001754769    -20.572345642    -0.865757681    -2.024733623
    393    -0.006704458     0.001430675    -0.002907727    -20.687655721    -1.914272045    -3.355069689
    394    -0.006378236     0.001063584    -0.003680916    -19.975253566    -2.801822698    -4.247210572
    395    -0.005820082     0.000686411    -0.004094746    -18.508216619    -3.493232093    -4.724706774
    396    -0.005057839     0.000318217    -0.004169166    -16.359474045    -3.953192068    -4.810575780
    397    -0.004119021    -0.000021934    -0.003923956    -13.600881315    -4.146065567    -4.527641009
    398    -0.003030849    -0.000314942    -0.003379106    -10.303291831    -4.035813025    -3.898969017
    399    -0.001820562    -0.000541620    -0.002554984     -6.537521377    -3.586117387    -2.948058857
    400    -0.000515730    -0.000682688    -0.001472159     -2.375396526    -2.760684056    -1.698645442
    401    -0.005273856     0.001877857    -0.000054344    -15.529116599     0.974834765    -0.062704966
    402    -0.005642720     0.001631175    -0.001496798    -16.989124367    -0.203210869    -1.727074684
    403    -0.005716685     0.001334619    -0.002569247    -17.526262845    -1.254021627    -2.964515709
    404    -0.005523373     0.001007197    -0.003293152    -17.212793009    -2.142246995    -3.799790865
    405    -0.005091243     0.000668025    -0.003689105    -16.123633264    -2.833016337    -4.256659802
    406    -0.004448583     0.000336188    -0.003776749    -14.333165024    -3.291385255    -4.357787602
    407    -0.003622843     0.000030692    -0.003575449    -11.913082888    -3.481849905    -4.125518140
    408    -0.002640729    -0.000229455    -0.003105116     -8.932632298    -3.368155495    -3.582826400
    409    -0.001528973    -0.000425090    -0.002386540     -5.460987681    -2.913566785    -2.753699967
    410    -0.000315209    -0.000536854    -0.001440919     -1.570105554    -2.081594295    -1.662598858
    411    -0.004080945     0.001713082     0.000070681    -11.759406778     1.611425001     0.081554647
    412    -0.004586755     0.001506104    -0.001255410    -13.631618549     0.428826025    -1.448549875
    413    -0.004788797     0.001247380    -0.002242204    -14.553569866    -0.623931863    -2.587157953
    414    -0.004715389     0.000956040    -0.002912467    -14.599703379    -1.511790510    -3.360538355
    415    -0.004396559     0.000651360    -0.003286932    -13.849949925    -2.200905587    -3.792613715
    416    -0.003861669     0.000352449    -0.003384330    -12.382200711    -2.657313761    -3.904996129
    417    -0.003137989     0.000078158    -0.003222918    -10.267720587    -2.845842573    -3.718751569
    418    -0.002250959    -0.000152710    -0.002822247     -7.571775352    -2.729663221    -3.256438372
    419    -0.001225898    -0.000321049    -0.002203898     -4.358944135    -2.270831344    -2.542959799
    420    -0.000090169    -0.000407296    -0.001390508     -0.700081776    -1.431912353    -1.604432732
    421    -0.002980911     0.001564260     0.000173467     -8.280108393     2.208748308     0.200154549
    422    -0.003613490     0.001393422    -0.001030112    -10.534492917     1.019918960    -1.188590679
    423    -0.003930407     0.001168856    -0.001925490    -11.801373504    -0.033842625    -2.221719149
    424    -0.003962388     0.000909969    -0.002537991    -12.162847799    -0.918947758    -2.928451055
    425    -0.003743176     0.000636341    -0.002888252    -11.710792090    -1.604214806    -3.332598159
    426    -0.003304432     0.000367090    -0.002992872    -10.530677701    -2.057934601    -3.453314259
    427    -0.002673013     0.000120722    -0.002867707     -8.692734986    -2.245653988    -3.308893129
    428    -0.001871546    -0.000084401    -0.002531395     -6.253407435    -2.129226608    -2.920840819
    429    -0.000921915    -0.000229315    -0.002006986     -3.266073895    -1.667767499    -2.315753543
    430     0.000149942    -0.000294013    -0.001320251      0.203532355    -0.820980058    -1.523366255
    431    -0.001985377     0.001431413     0.000253450     -5.129514441     2.755383923     0.292442178
    432    -0.002735583     0.001293066    -0.000819780     -7.739550092     1.557334082    -0.945900557
    433    -0.003151860     0.001098821    -0.001617102     -9.304002649     0.505262251    -1.865886456
    434    -0.003271617     0.000868698    -0.002168356     -9.926399761    -0.371827095    -2.501949592
    435    -0.003136535     0.000622830    -0.002493244     -9.724239672    -1.048781952    -2.876819807
    436    -0.002782696     0.000380269    -0.002604038     -8.797632507    -1.498482887    -3.004658843
    437    -0.002236061     0.000158830    -0.002512084     -7.214543354    -1.687871881    -2.898558813
    438    -0.001513663    -0.000023993    -0.002234142     -5.013828638    -1.576128457    -2.577855841
    439    -0.000629843    -0.000149569    -0.001795720     -2.224330549    -1.116005767    -2.071985180
    440     0.000394090    -0.000197062    -0.001228891      1.104302079    -0.259895510    -1.417950614
    441    -0.001110586     0.001314559     0.000309454     -2.361161105     3.235327861     0.357062141
    442    -0.001969594     0.001204864    -0.000622676     -5.301542952     2.024129853    -0.718471762
    443    -0.002464334     0.001036821    -0.001314458     -7.098751834     0.980836915    -1.516682386
    444    -0.002648601     0.000831735    -0.001802342     -7.909055620     0.122489046    -2.079624880
    445    -0.002579261     0.000610612    -0.002102704     -7.899154654    -0.537909772    -2.426196454
    446    -0.002299748     0.000392219    -0.002220147     -7.193678026    -0.981445702    -2.561707774
    447    -0.001834282     0.000193128    -0.002158894     -5.856079881    -1.177441374    -2.491031651
    448    -0.001190077     0.000029315    -0.001932430     -3.894339009    -1.080356441    -2.229727149
    449    -0.000366619    -0.000081319    -0.001569645     -1.289060958    -0.630675879    -1.811128667
    450     0.000627307    -0.000116622    -0.001113859      1.952704417     0.235945428    -1.285222368
    451    -0.000383004     0.001213728     0.000338717     -0.062261438     3.622506511     0.390827418
    452    -0.001338071     0.001128438    -0.000437503     -3.295186545     2.396757172    -0.504810656
    453    -0.001879140     0.000982073    -0.001016857     -5.223686825     1.379114337    -1.173296371
    454    -0.002095984     0.000798392    -0.001441625     -6.120219943     0.559108787    -1.663413521
    455    -0.002070475     0.000599441    -0.001719208     -6.232888789    -0.071542692    -1.983701419
    456    -0.001855698     0.000403168    -0.001843047     -5.718947198    -0.506181258    -2.126592305
    457    -0.001472848     0.000224217    -0.001809075     -4.633789047    -0.717485044    -2.087394059
    458    -0.000914805     0.000076343    -0.001626420     -2.940337019    -0.653071796    -1.876639020
    459    -0.000155618    -0.000024008    -0.001326746     -0.536769773    -0.233054524    -1.530860273
    460     0.000825633    -0.000053127    -0.000969973      2.669322544     0.641415909    -1.119199578
    461     0.000150434     0.001128985     0.000334630      1.612515077     3.870709833     0.386111122
    462    -0.000869593     0.001063036    -0.000268221     -1.815434829     2.644478136    -0.309485677
    463    -0.001404728     0.000933475    -0.000734304     -3.707754811     1.688098287    -0.847273752
    464    -0.001613119     0.000768094    -0.001098596     -4.558320553     0.936784818    -1.267610660
    465    -0.001607845     0.000589270    -0.001349465     -4.717792624     0.352471421    -1.557074669
    466    -0.001449249     0.000413021    -0.001470066     -4.369260702    -0.071716439    -1.696230361
    467    -0.001154032     0.000251691    -0.001453467     -3.555577182    -0.311600877    -1.677077304
    468    -0.000700012     0.000116746    -0.001306739     -2.192268962    -0.307443446    -1.507775929
    469    -0.000027002     0.000022312    -0.001059760     -0.066948673     0.046852857    -1.222800118
    470     0.000946479    -0.000007534    -0.000787271      3.112810357     0.911241591    -0.908389464
    471     0.000409092     0.001060453     0.000281725      2.397454226     3.900594005     0.325066836
    472    -0.000588099     0.001007217    -0.000141799     -0.942638643     2.738858907    -0.163614484
    473    -0.001040552     0.000890154    -0.000511915     -2.550017861     1.905457567    -0.590670827
    474    -0.001200419     0.000741570    -0.000813083     -3.224005435     1.257508440    -0.938173217
    475    -0.001197256     0.000580897    -0.001007691     -3.372483067     0.730947277    -1.162719859
    476    -0.001086347     0.000420551    -0.001084175     -3.165433825     0.312023956    -1.250971182
    477    -0.000879119     0.000271556    -0.001053085     -2.629621592     0.025780144    -1.215098126
    478    -0.000547788     0.000145356    -0.000932313     -1.662137545    -0.062574304    -1.075746227
    479    -0.000007000     0.000054252    -0.000743516      0.030579657     0.171930099    -0.857902821
    480     0.000915395     0.000018091    -0.000548323      3.035676298     0.964975681    -0.632680919
    481     0.000294139     0.001007602     0.000137286      1.966216866     3.612670544     0.158406829
    482    -0.000475621     0.000958435    -0.000163875     -0.620078730     2.689280855    -0.189086101
    483    -0.000775904     0.000853833    -0.000482328     -1.713474109     2.047457315    -0.556532017
    484    -0.000878357     0.000723880    -0.000678139     -2.179757624     1.517713644    -0.782467644
    485    -0.000876911     0.000577320    -0.000716752     -2.319938239     1.035978169    -0.827021413
    486    -0.000801914     0.000421843    -0.000636263     -2.226464787     0.597589070    -0.734149238
    487    -0.000660965     0.000271038    -0.000502739     -1.910945863     0.239830948    -0.580083466
    488    -0.000441261     0.000143397    -0.000379304     -1.312886487     0.036324385    -0.437658290
    489    -0.000077455     0.000056110    -0.000293171     -0.199853247     0.108374593    -0.338273812
    490     0.000638665     0.000017784    -0.000221185      2.123077141     0.690274529    -0.255213695
    491    -0.000076812     0.000970344    -0.000176328      0.706453492     3.122968352    -0.203455117
    492    -0.000421004     0.000913670    -0.000667650     -0.484294106     2.595722123    -0.770365612
    493    -0.000630098     0.000835565    -0.000950599     -1.250862401     2.131436424    -1.096844565
    494    -0.000736831     0.000730342    -0.000855086     -1.706795828     1.678986642    -0.986638248
    495    -0.000756753     0.000585758    -0.000496538     -1.915467584     1.182634223    -0.572928360
    496    -0.000695725     0.000408208    -0.000023908     -1.889877127     0.657660195    -0.027585873
    497    -0.000561900     0.000221070     0.000412096     -1.633777000     0.173077990     0.475495665
    498    -0.000365488     0.000061577     0.000654334     -1.144006665    -0.158470808     0.755001271
    499    -0.000107547    -0.000025108     0.000559668     -0.379381648    -0.189137719     0.645770564
    500     0.000224864    -0.000022170     0.000206635      0.719384238     0.149306431     0.238425570
