 Node            Displacements                Applied/reaction forces
number     1-direction     2-direction      1-direction     2-direction
     1     0.000000000     0.000000000      9.394737111     2.120024099
     2     0.000000000     0.000000000     -0.039474221    -0.697309011
     3     0.000000000     0.000000000     -9.355262889     2.139784912
     4    -0.029527065    -0.023729686      0.000000000    -0.375000000
     5    -0.000010641    -0.018338397      0.000000000     0.000000000
     6     0.029393738    -0.023214323      0.000000000     0.000000000
     7    -0.054045994    -0.069968361      0.000000000    -0.375000000
     8    -0.000114769    -0.066537519      0.000000000     0.000000000
     9     0.053812952    -0.069457154      0.000000000     0.000000000
    10    -0.073049366    -0.137955692      0.000000000    -0.375000000
    11    -0.000192061    -0.135082520      0.000000000     0.000000000
    12     0.072667539    -0.137455671      0.000000000     0.000000000
    13    -0.087404024    -0.221834169      0.000000000    -0.375000000
    14    -0.000266507    -0.219649955      0.000000000     0.000000000
    15     0.086871156    -0.221334409      0.000000000     0.000000000
    16    -0.097737314    -0.317403302      0.000000000    -0.375000000
    17    -0.000341441    -0.315764378      0.000000000     0.000000000
    18     0.097054388    -0.316903310      0.000000000     0.000000000
    19    -0.104726097    -0.420954629      0.000000000    -0.375000000
    20    -0.000416451    -0.419768553      0.000000000     0.000000000
    21     0.103893191    -0.420454624      0.000000000     0.000000000
    22    -0.109038216    -0.529482296      0.000000000    -0.375000000
    23    -0.000491452    -0.528647292      0.000000000     0.000000000
    24     0.108055312    -0.528982296      0.000000000     0.000000000
    25    -0.111343019    -0.640643482      0.000000000    -0.375000000
    26    -0.000566452    -0.640059436      0.000000000     0.000000000
    27     0.110210115    -0.640143482      0.000000000     0.000000000
    28    -0.112309580    -0.752765557      0.000000000    -0.375000000
    29    -0.000641452    -0.752332056      0.000000000     0.000000000
    30     0.111026676    -0.752265557      0.000000000     0.000000000
    31    -0.112607025    -0.864844815      0.000000000    -0.187500000
    32    -0.000716452    -0.864461499      0.000000000     0.000000000
    33     0.111174121    -0.864344815      0.000000000     0.000000000
                                            ___________     ___________
                              Summation     0.000000000     0.000000000

Element                    Element strain                                   Element Stress
number      1-direction     2-direction     3-direction      1-direction     2-direction     3-direction
      1    -0.029537706     0.005391289    -0.012551659    -92.045008808   -11.439636986   -14.482683163
      2     0.029383097    -0.004875926    -0.012148341     92.045008808    12.985725661   -14.017316837
      3    -0.026940479     0.009053676    -0.013687654    -79.860581867     3.202851974   -15.793446879
      4     0.022516211    -0.007795644    -0.011254397     66.519288914    -3.431146357   -12.985842970
      5    -0.024377571     0.006424574    -0.013679241    -74.011644516    -2.929772338   -15.783739521
      6     0.013738575    -0.005293038    -0.009910335     40.057131384    -3.861974188   -11.435002406
      7    -0.022309250     0.005258699    -0.012243549    -68.346066603    -4.727723936   -14.127171861
      8     0.006414303    -0.004058135    -0.008832003     17.132513148    -7.034650922   -10.190772297
      9    -0.019510841     0.004013781    -0.010252798    -60.351778699    -6.064190055   -11.830151393
     10     0.001095476    -0.002823968    -0.007640064      0.818523939    -8.226347548    -8.815458343
     11    -0.015841611     0.003002041    -0.007977973    -49.256039291    -5.770689597    -9.205353388
     12    -0.001968750    -0.001825621    -0.006431452     -8.295944444    -7.965646905    -7.420905810
     13    -0.011521656     0.002168145    -0.005733803    -35.839161200    -4.247314618    -6.615926404
     14    -0.003027324    -0.001021659    -0.005146529    -10.990620241    -6.362163121    -5.938302494
     15    -0.007102370     0.001528506    -0.003691022    -21.902696204    -1.985290804    -4.258871834
     16    -0.002635314    -0.000419543    -0.003785057     -9.102780468    -3.989462143    -4.367373781
     17    -0.003326253     0.001084595    -0.001961296     -9.892994388     0.285885503    -2.263033875
     18    -0.001541047    -0.000017888    -0.002337449     -5.098067321    -1.583083105    -2.697056718
     19    -0.001042240     0.000839362    -0.000598820     -2.605818436     1.736340648    -0.690945599
     20    -0.000596965     0.000183054    -0.000801595     -1.786972942     0.013071183    -0.924917329
