 t=       9.999999974752E-07
        2.384450686080E-18           0.176578088317
        2.384450686080E-18           0.176578088317
 t=       1.999999994950E-06
        5.366800753803E-18           0.184299658360
        2.384450686080E-18           0.176578088317
 t=       2.999999992426E-06
       -1.821459649776E-17           0.176346941994
        5.366800753803E-18           0.184299658360
 t=       3.999999989901E-06
       -1.887379141863E-15           0.421290372374
       -1.821459649776E-17           0.176346941994
 t=       4.999999987376E-06
       -8.704148513061E-14           -1.05949079325
       -1.887379141863E-15           0.421290372374
 t=       5.999999984851E-06
       -4.263256414561E-13            25.0028930112
       -8.704148513061E-14           -1.05949079325
 t=       6.999999982327E-06
       -2.637534635141E-11           -445.664308176
       -4.263256414561E-13            25.0028930112
 t=       7.999999979802E-06
       -1.018634065986E-10            8582.22612858
       -2.637534635141E-11           -445.664308176
 t=       8.999999977277E-06
        1.571606844664E-09           -165986.174427
       -1.018634065986E-10            8582.22612858
 t=       9.999999974752E-06
        3.725290298462E-09            3216800.87612
        1.571606844664E-09           -165986.174427
 t=       1.099999997223E-05
       -1.788139343262E-07           -62363955.4500
        3.725290298462E-09            3216800.87612
 t=       1.199999996970E-05
       -2.527236938477E-05            1209139299.85
       -1.788139343262E-07           -62363955.4500
 t=       1.299999996718E-05
       -7.400512695313E-04           -23443732197.4
       -2.527236938477E-05            1209139299.85
 t=       1.399999996465E-05
        1.660156250000E-02            454546832490.
       -7.400512695313E-04           -23443732197.4
 t=       1.499999996213E-05
         -0.449218750000          -8.813144092436E+12
        1.660156250000E-02            454546832490.
 t=       1.599999995960E-05
           5.37500000000           1.708768278995E+14
         -0.449218750000          -8.813144092436E+12
 t=       1.699999995708E-05
           208.000000000          -3.313107225334E+15
           5.37500000000           1.708768278995E+14
 t=       1.799999995455E-05
          -896.000000000           6.423737905306E+16
           208.000000000          -3.313107225334E+15
 t=       1.899999995203E-05
          -11776.0000000          -1.245489684964E+18
          -896.000000000           6.423737905306E+16
 t=       1.999999994950E-05
          -73728.0000000           2.414862777299E+19
          -11776.0000000          -1.245489684964E+18
 t=       2.099999994698E-05
          -11272192.0000          -4.682144143004E+20
          -73728.0000000           2.414862777299E+19
 t=       2.199999994446E-05
          -201326592.000           9.078144721983E+21
          -11272192.0000          -4.682144143004E+20
 t=       2.299999994193E-05
          -13623099392.0          -1.760148963309E+23
          -201326592.000           9.078144721983E+21
 t=       2.399999993941E-05
           109521666048.           3.412728556260E+24
          -13623099392.0          -1.760148963309E+23
 t=       2.499999993688E-05
           549755813888.          -6.616892343406E+25
           109521666048.           3.412728556260E+24
 t=       2.599999993436E-05
        6.542094185267E+13         1.282940133181E+27
           549755813888.          -6.616892343406E+25
 t=       2.699999993183E-05
       -1.134695999865E+15        -2.487474935185E+28
        6.542094185267E+13         1.282940133181E+27
 t=       2.799999992931E-05
       -5.066549580792E+15         4.822930854859E+29
       -1.134695999865E+15        -2.487474935185E+28
 t=       2.899999992678E-05
        2.927339757791E+17        -9.351114136535E+30
       -5.066549580792E+15         4.822930854859E+29
 t=       2.999999992426E-05
        9.367487224931E+17         1.813074626730E+32
        2.927339757791E+17        -9.351114136535E+30
 t=       3.099999992173E-05
       -8.070450532248E+18        -3.515345395316E+33
        9.367487224931E+17         1.813074626730E+32
 t=       3.199999991921E-05
        2.066035336255E+21         6.815854717915E+34
       -8.070450532248E+18        -3.515345395316E+33
 t=       3.299999991668E-05
       -1.652828269004E+22        -1.321516673632E+36
        2.066035336255E+21         6.815854717915E+34
 t=       3.399999991416E-05
       -1.530046740450E+24         2.562270457600E+37
       -1.652828269004E+22        -1.321516673632E+36
 t=       3.499999991163E-05
       -8.764712192206E+24        -4.967950861959E+38
       -1.530046740450E+24         2.562270457600E+37
 t=       3.599999990911E-05
        2.901421967075E+26         9.632291428790E+39
       -8.764712192206E+24        -4.967950861959E+38
 t=       3.699999990658E-05
       -5.415987671874E+27        -1.867591704246E+41
        2.901421967075E+26         9.632291428790E+39
 t=       3.799999990406E-05
        2.228292070714E+29         3.621047805214E+42
       -5.415987671874E+27        -1.867591704246E+41
 t=       3.899999990153E-05
       -6.338253001141E+29        -7.020799662996E+43
        2.228292070714E+29         3.621047805214E+42
 t=       3.999999989901E-05
        3.549421680639E+31         1.361253166454E+45
       -6.338253001141E+29        -7.020799662996E+43
 t=       4.099999989648E-05
       -5.070602400913E+31        -2.639314995652E+46
        3.549421680639E+31         1.361253166454E+45
 t=       4.199999989396E-05
        2.401437297072E+34         5.117331454591E+47
       -5.070602400913E+31        -2.639314995652E+46
 t=       4.299999989144E-05
        2.751917335023E+35        -9.921923400113E+48
        2.401437297072E+34         5.117331454591E+47
 t=       4.399999988891E-05
       -1.993841993677E+36         1.923748047815E+50
        2.751917335023E+35        -9.921923400113E+48
 t=       4.499999988639E-05
       -1.276058875954E+38        -3.729928565546E+51
       -1.993841993677E+36         1.923748047815E+50
 t=       4.599999988386E-05
       -7.231000297070E+38         7.231907067907E+52
       -1.276058875954E+38        -3.729928565546E+51
 t=       4.699999988134E-05
       -5.444517870735E+40        -1.402184490134E+54
       -7.231000297070E+38         7.231907067907E+52
 t=       4.799999987881E-05
        2.395587863123E+41         2.718676174777E+55
       -5.444517870735E+40        -1.402184490134E+54
 t=       4.899999987629E-05
        2.595946120766E+43        -5.271203750549E+56
        2.395587863123E+41         2.718676174777E+55
 t=       4.999999987376E-05
        2.397330108842E+44         1.022026427322E+58
        2.595946120766E+43        -5.271203750549E+56
 t=       5.099999987124E-05
       -2.230074519853E+45        -1.981592948353E+59
        2.397330108842E+44         1.022026427322E+58
 t=       5.199999986871E-05
       -1.512882554268E+47         3.842083245592E+60
       -2.230074519853E+45        -1.981592948353E+59
 t=       5.299999986619E-05
        5.297943435325E+48        -7.449362230688E+61
       -1.512882554268E+47         3.842083245592E+60
 t=       5.399999986366E-05
        7.819033759720E+49         1.444346571833E+63
        5.297943435325E+48        -7.449362230688E+61
 t=       5.499999986114E-05
        2.081178331559E+51        -2.800423653656E+64
        7.819033759720E+49         1.444346571833E+63
 t=       5.599999985861E-05
       -9.914827107653E+51         5.429702810166E+65
        2.081178331559E+51        -2.800423653656E+64
 t=       5.699999985609E-05
       -6.944120419549E+53        -1.052757591457E+67
       -9.914827107653E+51         5.429702810166E+65
 t=       5.799999985356E-05
        9.578097130412E+54         2.041177178802E+68
       -6.944120419549E+53        -1.052757591457E+67
 t=       5.899999985104E-05
       -7.202729042070E+55        -3.957610288455E+69
        9.578097130412E+54         2.041177178802E+68
 t=       5.999999984851E-05
        1.422155861924E+57         7.673356021221E+70
       -7.202729042070E+55        -3.957610288455E+69
 t=       6.099999984599E-05
        7.454058310772E+58        -1.487776419026E+72
        1.422155861924E+57         7.673356021221E+70
 t=       6.199999984347E-05
       -9.792278707203E+59         2.884629185566E+73
        7.454058310772E+58        -1.487776419026E+72
 t=       6.299999984094E-05
        6.026017665971E+60        -5.592967754994E+74
       -9.792278707203E+59         2.884629185566E+73
 t=       6.399999983842E-05
       -2.378268305503E+62         1.084412806509E+76
        6.026017665971E+60        -5.592967754994E+74
 t=       6.499999983589E-05
       -3.805229288805E+63        -2.102553038780E+77
       -2.378268305503E+62         1.084412806509E+76
 t=       6.599999983337E-05
       -3.455559570375E+64         4.076611097152E+78
       -3.805229288805E+63        -2.102553038780E+77
 t=       6.699999983084E-05
       -2.896088020885E+65        -7.904085048449E+79
       -3.455559570375E+64         4.076611097152E+78
 t=       6.799999982832E-05
       -3.369993333394E+66         1.532512151993E+81
       -2.896088020885E+65        -7.904085048449E+79
 t=       6.899999982579E-05
       -1.186237653355E+69        -2.971366681425E+82
       -3.369993333394E+66         1.532512151993E+81
 t=       6.999999982327E-05
       -5.607668906767E+69         5.761141889753E+83
       -1.186237653355E+69        -2.971366681425E+82
 t=       7.099999982074E-05
       -2.622663611780E+71        -1.117019857617E+85
       -5.607668906767E+69         5.761141889753E+83
 t=       7.199999981822E-05
        1.877275006327E+72         2.165774400594E+86
       -2.622663611780E+71        -1.117019857617E+85
 t=       7.299999981569E-05
       -1.466483063766E+74        -4.199190123893E+87
        1.877275006327E+72         2.165774400594E+86
 t=       7.399999981317E-05
        1.187321227531E+75         8.141751833292E+88
       -1.466483063766E+74        -4.199190123893E+87
 t=       7.499999981064E-05
        1.266475976033E+76        -1.578593037213E+90
        1.187321227531E+75         8.141751833292E+88
 t=       7.599999980812E-05
        1.707933316250E+78         3.060712274401E+91
        1.266475976033E+76        -1.578593037213E+90
 t=       7.699999980559E-05
        3.705346855594E+79        -5.934372828130E+92
        1.707933316250E+78         3.060712274401E+91
 t=       7.799999980307E-05
       -2.816063610252E+80         1.150607365407E+94
        3.705346855594E+79        -5.934372828130E+92
 t=       7.899999980054E-05
        8.299976956531E+80        -2.230896756356E+95
       -2.816063610252E+80         1.150607365407E+94
 t=       7.999999979802E-05
       -2.655992626090E+82         4.325454961569E+96
        8.299976956531E+80        -2.230896756356E+95
 t=       8.099999979549E-05
       -9.409802446718E+83        -8.386564986138E+97
       -2.655992626090E+82         4.325454961569E+96
 t=       8.199999979297E-05
        4.079604673674E+85         1.626059521880E+99
       -9.409802446718E+83        -8.386564986138E+97
 t=       8.299999979045E-05
        6.527367477878E+86        -3.152744387041E+0100
        4.079604673674E+85         1.626059521880E+99
 t=       8.399999978792E-05
       -7.211186927942E+87         6.112812622405E+0101
        6.527367477878E+86        -3.152744387041E+0100
 t=       8.499999978540E-05
       -2.506509111505E+89        -1.185204811095E+0103
       -7.211186927942E+87         6.112812622405E+0101
 t=       8.599999978287E-05
        3.946757204148E+90         2.297977266757E+0104
       -2.506509111505E+89        -1.185204811095E+0103
 t=       8.699999978035E-05
       -2.444443171601E+91        -4.455516438299E+0105
        3.946757204148E+90         2.297977266757E+0104
 t=       8.799999977782E-05
       -1.727406507932E+93         8.638739390138E+0106
       -2.444443171601E+91        -4.455516438299E+0105
 t=       8.899999977530E-05
        1.564443629825E+94        -1.674953269359E+0108
       -1.727406507932E+93         8.638739390138E+0106
 t=       8.999999977277E-05
        8.677447333429E+95         3.247543799931E+0109
        1.564443629825E+94        -1.674953269359E+0108
 t=       9.099999977025E-05
        1.094693355909E+97        -6.296617896952E+0110
        8.677447333429E+95         3.247543799931E+0109
 t=       9.199999976772E-05
       -5.083649145492E+98         1.220842562340E+0112
        1.094693355909E+97        -6.296617896952E+0110
 t=       9.299999976520E-05
        8.202190217936E+98        -2.367074811283E+0113
       -5.083649145492E+98         1.220842562340E+0112
 t=       9.399999976267E-05
        1.071752855144E+0101       4.589488714719E+0114
        8.202190217936E+98        -2.367074811283E+0113
 t=       9.499999976015E-05
       -2.834676939319E+0102      -8.898496389575E+0115
        1.071752855144E+0101       4.589488714719E+0114
 t=       9.599999975762E-05
        1.007885133980E+0103       1.725317195847E+0117
       -2.834676939319E+0102      -8.898496389575E+0115
 t=       9.699999975510E-05
        5.375387381227E+0103      -3.345193722580E+0118
        1.007885133980E+0103       1.725317195847E+0117
 t=       9.799999975257E-05
       -4.500991033881E+0106       6.485949985627E+0119
        5.375387381227E+0103      -3.345193722580E+0118
 t=       9.899999975005E-05
       -3.165028090066E+0107      -1.257551899962E+0121
       -4.500991033881E+0106       6.485949985627E+0119
 t=       9.999999974752E-05
        8.366682951132E+0108       2.438250039864E+0122
       -3.165028090066E+0107      -1.257551899962E+0121
 t=       1.009999997450E-04
       -5.166793682102E+0109      -4.727489383992E+0123
        8.366682951132E+0108       2.438250039864E+0122
 t=       1.019999997425E-04
       -7.515336264876E+0110       9.166063984625E+0124
       -5.166793682102E+0109      -4.727489383992E+0123
 t=       1.029999997399E-04
       -4.028220237974E+0112      -1.777195507920E+0126
       -7.515336264876E+0110       9.166063984625E+0124
 t=       1.039999997374E-04
        8.657667377137E+0113       3.445779866553E+0127
       -4.028220237974E+0112      -1.777195507920E+0126
 t=       1.049999997349E-04
       -1.723837771092E+0115      -6.680975073273E+0128
        8.657667377137E+0113       3.445779866553E+0127
 t=       1.059999997324E-04
       -1.871595294329E+0116       1.295365045311E+0130
       -1.723837771092E+0115      -6.680975073273E+0128
 t=       1.069999997299E-04
        1.733688272641E+0118      -2.511565426014E+0131
       -1.871595294329E+0116       1.295365045311E+0130
 t=       1.079999997273E-04
       -3.026074075883E+0118       4.869639575322E+0132
        1.733688272641E+0118      -2.511565426014E+0131
 t=       1.089999997248E-04
        8.069530869022E+0119      -9.441677030734E+0133
       -3.026074075883E+0118       4.869639575322E+0132
 t=       1.099999997223E-04
       -1.678462420756E+0121       1.830633741403E+0135
        8.069530869022E+0119      -9.441677030734E+0133
 t=       1.109999997198E-04
        1.528691927827E+0123      -3.549390520679E+0136
       -1.678462420756E+0121       1.830633741403E+0135
 t=       1.119999997172E-04
       -2.445907084524E+0124       6.881864342003E+0137
        1.528691927827E+0123      -3.549390520679E+0136
 t=       1.129999997147E-04
        7.985556102986E+0125      -1.334315188644E+0139
       -2.445907084524E+0124       6.881864342003E+0137
 t=       1.139999997122E-04
        1.260765943677E+0127       2.587085321875E+0140
        7.985556102986E+0125      -1.334315188644E+0139
 t=       1.149999997097E-04
        6.227676070779E+0127      -5.016064060160E+0141
        1.260765943677E+0127       2.587085321875E+0140
 t=       1.159999997071E-04
        2.122825234561E+0129       9.725577445340E+0142
        6.227676070779E+0127      -5.016064060160E+0141
 t=       1.169999997046E-04
        6.307823554125E+0130      -1.885678801380E+0144
        2.122825234561E+0129       9.725577445340E+0142
 t=       1.179999997021E-04
        1.308700095625E+0132       3.656116628485E+0145
        6.307823554125E+0130      -1.885678801380E+0144
 t=       1.189999996996E-04
       -3.619997552644E+0133      -7.088794120937E+0146
        1.308700095625E+0132       3.656116628485E+0145
 t=       1.199999996970E-04
        5.110584780203E+0134       1.374436518165E+0148
       -3.619997552644E+0133      -7.088794120937E+0146
 t=       1.209999996945E-04
       -1.371908092108E+0136      -2.664876014483E+0149
        5.110584780203E+0134       1.374436518165E+0148
 t=       1.219999996920E-04
        8.140593712111E+0136       5.166891361549E+0150
       -1.371908092108E+0136      -2.664876014483E+0149
 t=       1.229999996895E-04
       -5.582121402590E+0137      -1.001801442051E+0152
        8.140593712111E+0136       5.166891361549E+0150
 t=       1.239999996869E-04
       -2.828274843979E+0139       1.942379003266E+0153
       -5.582121402590E+0137      -1.001801442051E+0152
 t=       1.249999996844E-04
       -2.381705131772E+0139      -3.766051868190E+0154
       -2.828274843979E+0139       1.942379003266E+0153
 t=       1.259999996819E-04
        2.858046158126E+0142       7.301946041303E+0155
       -2.381705131772E+0139      -3.766051868190E+0154
 t=       1.269999996794E-04
        6.341051742829E+0143      -1.415764250118E+0157
        2.858046158126E+0142       7.301946041303E+0155
 t=       1.279999996768E-04
        3.414412476908E+0144       2.745005784172E+0158
        6.341051742829E+0143      -1.415764250118E+0157
 t=       1.289999996743E-04
       -1.030177021604E+0146      -5.322253867115E+0159
        3.414412476908E+0144       2.745005784172E+0158
 t=       1.299999996718E-04
        1.947971095397E+0147       1.031924464033E+0161
       -1.030177021604E+0146      -5.322253867115E+0159
 t=       1.309999996693E-04
       -1.438501731986E+0148      -2.000784115287E+0162
        1.947971095397E+0147       1.031924464033E+0161
 t=       1.319999996667E-04
        6.137607389805E+0149       3.879292734582E+0163
       -1.438501731986E+0148      -2.000784115287E+0162
 t=       1.329999996642E-04
       -4.787333764048E+0151      -7.521507195860E+0164
        6.137607389805E+0149       3.879292734582E+0163
 t=       1.339999996617E-04
        4.648214663213E+0152       1.458334659646E+0166
       -4.787333764048E+0151      -7.521507195860E+0164
 t=       1.349999996592E-04
        6.913400963877E+0153      -2.827544964238E+0167
        4.648214663213E+0152       1.458334659646E+0166
 t=       1.359999996566E-04
        2.011171189491E+0154       5.482287945323E+0168
        6.913400963877E+0153      -2.827544964238E+0167
 t=       1.369999996541E-04
       -1.448043256434E+0156      -1.062953250807E+0170
        2.011171189491E+0154       5.482287945323E+0168
 t=       1.379999996516E-04
        6.521557777124E+0157       2.060945402144E+0171
       -1.448043256434E+0156      -1.062953250807E+0170
 t=       1.389999996491E-04
       -6.727501706928E+0158      -3.995938624139E+0172
        6.521557777124E+0157       2.060945402144E+0171
 t=       1.399999996465E-04
        3.646580517061E+0160       7.747670302823E+0173
       -6.727501706928E+0158      -3.995938624139E+0172
 t=       1.409999996440E-04
       -3.022707705709E+0161      -1.502185112619E+0175
        3.646580517061E+0160       7.747670302823E+0173
 t=       1.419999996415E-04
        8.435463364768E+0162       2.912566002907E+0176
       -3.022707705709E+0161      -1.502185112619E+0175
 t=       1.429999996390E-04
       -1.691591586748E+0164      -5.647134064942E+0177
        8.435463364768E+0162       2.912566002907E+0176
 t=       1.439999996364E-04
        9.674464223786E+0165       1.094915037654E+0179
       -1.691591586748E+0164      -5.647134064942E+0177
 t=       1.449999996339E-04
       -1.031942850537E+0167      -2.122915669966E+0180
        9.674464223786E+0165       1.094915037654E+0179
 t=       1.459999996314E-04
        1.857497130967E+0168       4.116091921989E+0181
       -1.031942850537E+0167      -2.122915669966E+0180
 t=       1.469999996289E-04
       -3.019169939857E+0169      -7.980633875408E+0182
        1.857497130967E+0168       4.116091921989E+0181
 t=       1.479999996263E-04
       -3.321086933843E+0170       1.547354098494E+0184
       -3.019169939857E+0169      -7.980633875408E+0182
 t=       1.489999996238E-04
       -4.226837915800E+0171      -3.000143526868E+0185
       -3.321086933843E+0170       1.547354098494E+0184
 t=       1.499999996213E-04
        7.729075046035E+0172       5.816936918646E+0186
       -4.226837915800E+0171      -3.000143526868E+0185
 t=       1.509999996188E-04
        4.699277627989E+0174      -1.127837878832E+0188
        7.729075046035E+0172       5.816936918646E+0186
 t=       1.519999996162E-04
       -3.858354262980E+0175       2.186749312799E+0189
        4.699277627989E+0174      -1.127837878832E+0188
 t=       1.529999996137E-04
        9.655778873510E+0176      -4.239858091908E+0190
       -3.858354262980E+0175       2.186749312799E+0189
 t=       1.539999996112E-04
       -1.316984921764E+0178       8.220602395763E+0191
        9.655778873510E+0176      -4.239858091908E+0190
 t=       1.549999996087E-04
        3.484944716052E+0179      -1.593881264046E+0193
       -1.316984921764E+0178       8.220602395763E+0191
 t=       1.559999996061E-04
       -1.893216478302E+0181       3.090354406638E+0194
        3.484944716052E+0179      -1.593881264046E+0193
 t=       1.569999996036E-04
        8.713982694650E+0181      -5.991845549612E+0195
       -1.893216478302E+0181       3.090354406638E+0194
 t=       1.579999996011E-04
       -3.319612455105E+0183       1.161750672139E+0197
        8.713982694650E+0181      -5.991845549612E+0195
 t=       1.589999995986E-04
        2.868145161211E+0184      -2.252502360134E+0198
       -3.319612455105E+0183       1.161750672139E+0197
 t=       1.599999995960E-04
       -1.512681003542E+0186       4.367345768827E+0199
        2.868145161211E+0184      -2.252502360134E+0198
 t=       1.609999995935E-04
       -5.058133333193E+0187      -8.467786494764E+0200
       -1.512681003542E+0186       4.367345768827E+0199
 t=       1.619999995910E-04
       -4.264060788412E+0188       1.641807448193E+0202
       -5.058133333193E+0187      -8.467786494764E+0200
 t=       1.629999995885E-04
        2.993544716763E+0190      -3.183277824281E+0203
       -4.264060788412E+0188       1.641807448193E+0202
 t=       1.639999995859E-04
       -8.911016831293E+0189       6.172013482780E+0204
        2.993544716763E+0190      -3.183277824281E+0203
 t=       1.649999995834E-04
        1.425762693007E+0192      -1.196683184288E+0206
       -8.911016831293E+0189       6.172013482780E+0204
 t=       1.659999995809E-04
        2.965586401454E+0193       2.320232526309E+0207
        1.425762693007E+0192      -1.196683184288E+0206
 t=       1.669999995784E-04
       -1.806726484578E+0195      -4.498666854189E+0208
        2.965586401454E+0193       2.320232526309E+0207
 t=       1.679999995758E-04
        2.832363135420E+0196       8.722403136442E+0209
       -1.806726484578E+0195      -4.498666854189E+0208
 t=       1.689999995733E-04
        4.765377976294E+0197      -1.691174717788E+0211
        2.832363135420E+0196       8.722403136442E+0209
 t=       1.699999995708E-04
       -9.568131466128E+0198       3.278995342614E+0212
        4.765377976294E+0197      -1.691174717788E+0211
 t=       1.709999995683E-04
        1.698343335238E+0200      -6.357598859422E+0213
       -9.568131466128E+0198       3.278995342614E+0212
 t=       1.719999995657E-04
       -4.592703103741E+0201       1.232666077078E+0215
        1.698343335238E+0200      -6.357598859422E+0213
 t=       1.729999995632E-04
       -6.858436634920E+0202      -2.389999260990E+0216
       -4.592703103741E+0201       1.232666077078E+0215
 t=       1.739999995607E-04
        3.919106648526E+0203       4.633936614131E+0217
       -6.858436634920E+0202      -2.389999260990E+0216
 t=       1.749999995582E-04
        6.270570637641E+0203      -8.984675808992E+0218
        3.919106648526E+0203       4.633936614131E+0217
 t=       1.759999995556E-04
        4.414481728900E+0206       1.742026404643E+0220
        6.270570637641E+0203      -8.984675808992E+0218
 t=       1.769999995531E-04
        8.026330416181E+0207      -3.377590977120E+0221
        4.414481728900E+0206       1.742026404643E+0220
 t=       1.779999995506E-04
       -1.515371182575E+0209       6.548764575713E+0222
        8.026330416181E+0207      -3.377590977120E+0221
 t=       1.789999995481E-04
       -3.287584938468E+0209      -1.269730934243E+0224
       -1.515371182575E+0209       6.548764575713E+0222
 t=       1.799999995455E-04
        1.183530577848E+0212       2.461863801495E+0225
       -3.287584938468E+0209      -1.269730934243E+0224
 t=       1.809999995430E-04
        3.997703285177E+0212      -4.773273780894E+0226
        1.183530577848E+0212       2.461863801495E+0225
 t=       1.819999995405E-04
       -5.723027860885E+0213       9.254834720386E+0227
        3.997703285177E+0212      -4.773273780894E+0226
 t=       1.829999995380E-04
       -3.662737830966E+0215      -1.794407143489E+0229
       -5.723027860885E+0213       9.254834720386E+0227
 t=       1.839999995354E-04
       -6.894565328877E+0216       3.479151269441E+0230
       -3.662737830966E+0215      -1.794407143489E+0229
 t=       1.849999995329E-04
       -1.654695678931E+0217      -6.745678426271E+0231
       -6.894565328877E+0216       3.479151269441E+0230
 t=       1.859999995304E-04
        2.603387868184E+0219       1.307910289198E+0233
       -1.654695678931E+0217      -6.745678426271E+0231
 t=       1.869999995279E-04
       -7.342436292641E+0220      -2.535889226417E+0234
        2.603387868184E+0219       1.307910289198E+0233
 t=       1.879999995253E-04
       -2.010697938600E+0222       4.916800656603E+0235
       -7.342436292641E+0220      -2.535889226417E+0234
 t=       1.889999995228E-04
        2.349579613645E+0223      -9.533117000840E+0236
       -2.010697938600E+0222       4.916800656603E+0235
 t=       1.899999995203E-04
        6.477610257927E+0224       1.848362911150E+0238
        2.349579613645E+0223      -9.533117000840E+0236
 t=       1.909999995178E-04
        6.107461100331E+0225      -3.583765363438E+0239
        6.477610257927E+0224       1.848362911150E+0238
 t=       1.919999995152E-04
        1.214089236914E+0227       6.948513250638E+0240
        6.107461100331E+0225      -3.583765363438E+0239
 t=       1.929999995127E-04
       -1.800405502546E+0228      -1.347237653653E+0242
        1.214089236914E+0227       6.948513250638E+0240
 t=       1.939999995102E-04
       -4.396779753586E+0229       2.612140511120E+0243
       -1.800405502546E+0228      -1.347237653653E+0242
 t=       1.949999995077E-04
       -4.123876182674E+0230      -5.064643221108E+0244
       -4.396779753586E+0229       2.612140511120E+0243
 t=       1.959999995051E-04
        4.541115419980E+0232       9.819766910790E+0245
       -4.123876182674E+0230      -5.064643221108E+0244
 t=       1.969999995026E-04
        5.154360066438E+0233      -1.903941066957E+0247
        4.541115419980E+0232       9.819766910790E+0245
 t=       1.979999995001E-04
        8.147614948394E+0234       3.691525083444E+0248
        5.154360066438E+0233      -1.903941066957E+0247
 t=       1.989999994976E-04
        7.630936927276E+0235      -7.157447085991E+0249
        8.147614948394E+0234       3.691525083444E+0248
 t=       1.999999994950E-04
       -2.136662339637E+0237       1.387747546902E+0251
        7.630936927276E+0235      -7.157447085991E+0249
